generation,populationSize,invalidInds,localBest,localBestFit,fitnessAvg,fitnessStdDev,exprDepthAvg,top10PercExprDepthAvg,top10PercFitnessAvg,top10PercFitnessStdDev
0,200,131,cos(abs(x)),24.254859776630255,65.75408975839275,60.51410738231299,2.8115942028985508,4.35,32.03761649420091,14.125000902518659
1,200,57,cos(x),24.244859776630253,51.645613293315805,45.24515044407469,3.06993006993007,4.0,28.29310598706917,3.0734174992752132
2,200,26,cos(x),24.244859776630253,38.42196138248039,32.94025945537284,3.8160919540229883,3.35,25.558970749009756,3.1823417825671836
3,200,32,cos(x),24.244859776630253,30.676589322065514,13.360355294650153,4.011904761904762,2.0,24.244859776630264,1.135959703518257e-28
4,200,29,cos(x),24.244859776630253,28.945574984056975,15.098526154278392,3.415204678362573,2.0,24.244859776630264,1.135959703518257e-28
5,200,29,cos(x),24.244859776630253,26.913617891438296,8.206062574346584,2.690058479532164,2.0,24.244859776630264,1.135959703518257e-28
6,200,25,cos(x),24.244859776630253,28.616227200058,17.88262175151348,2.2057142857142855,2.0,24.244859776630264,1.135959703518257e-28
7,200,25,(cos(cos(x)))*(sin((x)+(x))),22.293374275227194,27.565097869321352,13.030850391074926,2.137142857142857,2.1,24.147285501560113,0.18089404395385164
8,200,24,(cos(cos(x)))*(sin((x)+(x))),22.293374275227194,27.492425152878607,13.928629683386793,2.1420454545454546,2.1,24.147285501560113,0.18089404395385164
9,200,25,(cos(cos(x)))*(sin((x)+(x))),22.293374275227194,61.53353091287632,323.2165391307721,2.137142857142857,2.2,24.049711226489954,0.34274660959677156
10,200,29,(cos(cos(x)))*(sin((x)+(x))),22.293374275227194,25.645008758768277,7.273305349633396,2.181286549707602,2.8,23.46426557606902,0.913990958924724
11,200,29,(cos(cos(x)))*(sin((x)+(x))),22.293374275227194,72.42983426218092,606.3204943298534,2.2865497076023393,4.0,22.293374275227183,1.135959703518257e-28
12,200,29,(cos(cos(x)))*(sin((x)+(x))),22.293374275227194,24.540392744379524,4.317181119246308,2.8596491228070176,4.0,22.293374275227183,1.135959703518257e-28
13,200,26,(cos(cos(x)))*(sin((x)+(x))),22.293374275227194,25.520911993899375,10.218576512202878,3.689655172413793,4.0,22.293374275227183,1.135959703518257e-28
14,200,20,(cos(cos(x)))*(sin((abs(abs(x)))+(x))),19.674078265475423,27.730013480586557,20.153099357705813,3.811111111111111,4.1,22.162409474739597,0.32588380036832365
15,200,26,(cos(cos(x)))*(sin((abs(abs(x)))+(x))),19.674078265475423,25.810147524202296,18.15271912926881,3.9597701149425286,4.4,21.769515073276835,1.0977138538722482
16,200,26,(cos(cos(x)))*(sin((abs(abs(x)))+(x))),19.674078265475423,25.75991990159664,14.607751457525868,4.160919540229885,6.0,19.674078265475426,1.262177448353619e-29
17,200,21,(cos(cos(x)))*(sin((abs(abs(x)))+(x))),19.674078265475423,24.460075642626922,12.507811010872224,4.620111731843576,6.0,19.674078265475426,1.262177448353619e-29
18,200,26,(x)*(sin((abs(abs(x)))+(x))),18.960784234876826,23.38564409872374,13.199068623615167,5.293103448275862,6.2,19.632417070977944,2.4422922135620317e-2
19,200,34,(x)*(sin((abs(abs(x)))+(x))),18.960784234876826,22.26632123893742,13.0182306999527,5.801204819277109,6.75,19.490073068324943,7.551333594891993e-2
20,200,31,sin((abs(abs(x)))+(x)),17.197417020179053,22.251151507590112,13.546460419157984,6.023668639053255,6.4,19.040138759685938,0.2293605182989577
21,200,31,sin((abs(abs(x)))+(x)),17.197417020179053,40.46797785170668,233.34974511541026,6.420118343195266,5.9,18.78444751340705,0.27985175404838836
22,200,24,sin((abs(abs(x)))+(x)),17.197417020179053,28.850686165691545,90.78866702670382,6.346590909090909,5.65,18.343605709732604,0.7074030449556482
23,200,27,sin((abs(abs(x)))+(x)),17.197417020179053,21.910386081657187,9.30039039505504,5.786127167630058,5.1,17.373753741648827,0.27985175404838836
24,200,28,sin((abs(x))+(x)),17.18741702017905,21.632915452859983,11.98204915220927,5.5813953488372094,4.95,17.19691702017905,4.750000000001486e-6
25,200,24,sin((abs(x))+(x)),17.18741702017905,21.468719462476,16.237943265444798,5.113636363636363,4.9,17.196417020179048,9.000000000002812e-6
26,200,28,sin((abs(x))+(x)),17.18741702017905,21.377035316354707,14.53103530487952,4.901162790697675,4.85,17.19591702017905,1.2750000000003986e-5
27,200,32,sin((abs(x))+(x)),17.18741702017905,18.68646849490357,5.441378053321774,4.934523809523809,4.4,17.191417020179053,2.4000000000007502e-5
28,200,30,sin((abs(x))+(x)),17.18741702017905,20.600834320924235,16.007603866199723,4.770588235294118,4.0,17.18741702017905,0.0
29,200,33,sin((abs(x))+(x)),17.18741702017905,20.93364286125744,14.765205406305407,4.317365269461078,4.0,17.18741702017905,0.0
30,200,27,sin((abs(x))+(x)),17.18741702017905,19.796143815919574,9.474707074153638,4.086705202312139,4.0,17.18741702017905,0.0
31,200,31,sin((abs(x))+(x)),17.18741702017905,20.53608092390098,14.821227442999081,4.005917159763314,4.0,17.18741702017905,0.0
32,200,27,sin((abs(x))+(x)),17.18741702017905,20.348152974418433,9.5913091127034,3.9190751445086707,4.0,17.18741702017905,0.0
33,200,23,sin((abs(x))+(x)),17.18741702017905,21.36500964028918,13.206474813272152,3.983050847457627,4.0,17.18741702017905,0.0
34,200,31,sin((abs(x))+(x)),17.18741702017905,19.369594469975745,7.542062928287702,3.9822485207100593,4.0,17.18741702017905,0.0
35,200,22,sin((abs(x))+(x)),17.18741702017905,22.992522416309644,19.03545285089395,3.9101123595505616,4.0,17.18741702017905,0.0
36,200,27,sin((abs(x))+(x)),17.18741702017905,22.020793608592726,20.20993114235347,4.0,4.0,17.18741702017905,0.0
37,200,30,sin((abs(x))+(x)),17.18741702017905,21.59241576584201,16.143264128663077,3.876470588235294,4.0,17.18741702017905,0.0
38,200,25,sin((abs(x))+(x)),17.18741702017905,19.497131759032104,7.646352258830932,3.994285714285714,4.0,17.18741702017905,0.0
39,200,32,sin((abs(x))+(x)),17.18741702017905,19.3223277791223,7.313161721088359,3.9702380952380953,4.0,17.18741702017905,0.0
40,200,30,sin((abs(x))+(x)),17.18741702017905,20.69791205591977,14.915523925181775,3.9941176470588236,4.0,17.18741702017905,0.0
41,200,29,sin((abs(x))+(x)),17.18741702017905,21.92511358248513,16.98735492972633,3.9473684210526314,4.0,17.18741702017905,0.0
42,200,25,sin((abs(x))+(x)),17.18741702017905,21.232905582936862,14.617626281620636,4.0,4.0,17.18741702017905,0.0
43,200,28,sin((abs(x))+(x)),17.18741702017905,22.17557412684428,18.0493455130253,3.9244186046511627,4.0,17.18741702017905,0.0
44,200,29,sin((abs(x))+(x)),17.18741702017905,20.385878836522092,10.600226994408112,3.912280701754386,4.0,17.18741702017905,0.0
45,200,26,sin((abs(x))+(x)),17.18741702017905,21.59029405276854,15.351953814479199,3.9597701149425286,4.0,17.18741702017905,0.0
46,200,29,sin((abs(x))+(x)),17.18741702017905,21.763739026441186,19.933175996996447,3.9415204678362574,4.0,17.18741702017905,0.0
47,200,33,sin((abs(x))+(x)),17.18741702017905,20.76673849189854,17.187223821352905,3.9820359281437128,4.0,17.18741702017905,0.0
48,200,29,sin((abs(x))+(x)),17.18741702017905,21.046833532603802,14.61754982385761,3.982456140350877,4.0,17.18741702017905,0.0
49,200,22,sin((abs(x))+(x)),17.18741702017905,22.923277410809185,23.413007385211927,3.9213483146067416,4.0,17.18741702017905,0.0
50,200,23,sin((abs(x))+(x)),17.18741702017905,21.5943357720736,14.875385118609332,3.8870056497175143,4.0,17.18741702017905,0.0
51,200,21,sin((abs(x))+(x)),17.18741702017905,21.050481304405093,11.105210766803454,4.033519553072626,4.0,17.18741702017905,0.0
52,200,23,sin((abs(x))+(x)),17.18741702017905,20.51790597847792,8.928168871378409,3.9491525423728815,4.0,17.18741702017905,0.0
53,200,25,sin((abs(x))+(x)),17.18741702017905,22.117502966885656,19.445979534529275,3.8914285714285715,4.0,17.18741702017905,0.0
54,200,29,sin((abs(x))+(x)),17.18741702017905,20.65854017346947,13.964620459104678,4.035087719298246,4.0,17.18741702017905,0.0
55,200,31,sin((abs(x))+(x)),17.18741702017905,21.328423833682862,27.125131375658423,4.029585798816568,4.0,17.18741702017905,0.0
56,200,30,sin((abs(x))+(x)),17.18741702017905,21.30448322804603,14.431609703619738,3.9705882352941178,4.0,17.18741702017905,0.0
57,200,29,sin((abs(x))+(x)),17.18741702017905,19.549794868229323,8.78849553602757,3.935672514619883,4.0,17.18741702017905,0.0
58,200,28,sin((abs(x))+(x)),17.18741702017905,22.61177649743498,23.219844017748834,3.9244186046511627,4.0,17.18741702017905,0.0
59,200,25,sin((abs(x))+(x)),17.18741702017905,106.67370097701645,1099.4444581867874,3.9828571428571427,4.0,17.18741702017905,0.0
60,200,34,sin((abs(x))+(x)),17.18741702017905,22.33167748666292,26.733200152407925,4.048192771084337,4.0,17.18741702017905,0.0
61,200,28,sin((abs(x))+(x)),17.18741702017905,23.61808116403999,22.247622313472768,3.8488372093023258,4.0,17.18741702017905,0.0
62,200,25,sin((abs(x))+(x)),17.18741702017905,21.83435097189133,19.093528833592416,3.9885714285714284,4.0,17.18741702017905,0.0
63,200,32,sin((abs(x))+(x)),17.18741702017905,19.860916410503968,13.547593270920437,3.9761904761904763,4.0,17.18741702017905,0.0
64,200,28,sin((abs(x))+(x)),17.18741702017905,20.426118163839792,9.22677058271109,3.8488372093023258,4.0,17.18741702017905,0.0
65,200,38,sin((abs(x))+(x)),17.18741702017905,19.129302087293695,6.727388505713207,4.098765432098766,4.0,17.18741702017905,0.0
66,200,24,sin((abs(x))+(x)),17.18741702017905,20.165339958771174,8.730125403767449,3.9488636363636362,4.0,17.18741702017905,0.0
67,200,26,sin((abs(x))+(x)),17.18741702017905,19.21671023149992,7.4263654423749,3.9655172413793105,4.0,17.18741702017905,0.0
68,200,37,sin((abs(x))+(x)),17.18741702017905,20.310198700630195,9.391601523720487,3.9447852760736195,4.0,17.18741702017905,0.0
69,200,24,sin((abs(x))+(x)),17.18741702017905,24.699726569784488,38.171606159622065,3.8863636363636362,4.0,17.18741702017905,0.0
70,200,26,sin((abs(x))+(x)),17.18741702017905,20.08830147679416,9.783551378439014,3.9367816091954024,4.0,17.18741702017905,0.0
71,200,24,sin((abs(x))+(x)),17.18741702017905,21.200551232077142,11.883196150055424,3.8181818181818183,4.0,17.18741702017905,0.0
72,200,31,sin((abs(x))+(x)),17.18741702017905,20.13081698749507,8.832870889483274,3.9822485207100593,4.0,17.18741702017905,0.0
73,200,29,sin((abs(x))+(x)),17.18741702017905,22.391098380875878,23.203875674028485,3.8421052631578947,4.0,17.18741702017905,0.0
74,200,28,sin((abs(x))+(x)),17.18741702017905,21.02004041436354,14.554251488980173,3.8313953488372094,4.0,17.18741702017905,0.0
75,200,30,sin((abs(x))+(x)),17.18741702017905,19.994603727034107,8.1759630351321,3.8705882352941177,4.0,17.18741702017905,0.0
76,200,28,sin((abs(x))+(x)),17.18741702017905,20.218643568069652,9.683003144485031,3.9186046511627906,4.0,17.18741702017905,0.0
77,200,32,sin((abs(x))+(x)),17.18741702017905,19.22501148595283,7.811214412999229,3.9226190476190474,4.0,17.18741702017905,0.0
78,200,23,sin((abs(x))+(x)),17.18741702017905,24.34648409686274,25.359619911819976,3.9717514124293785,4.0,17.18741702017905,0.0
79,200,26,sin((abs(x))+(x)),17.18741702017905,20.633027960628542,14.946281025267142,4.022988505747127,4.0,17.18741702017905,0.0
80,200,16,sin((abs(x))+(x)),17.18741702017905,23.42564975977348,32.30236292448841,4.038043478260869,4.0,17.18741702017905,0.0
81,200,25,sin((abs(x))+(x)),17.18741702017905,20.90094955327541,17.443069571359167,3.9657142857142857,4.0,17.18741702017905,0.0
82,200,34,sin((abs(x))+(x)),17.18741702017905,21.507060918311108,19.501858206915106,3.9216867469879517,4.0,17.18741702017905,0.0
83,200,28,sin((abs(x))+(x)),17.18741702017905,28.731977682581267,97.11309042479576,3.9709302325581395,4.0,17.18741702017905,0.0
84,200,28,sin((abs(x))+(x)),17.18741702017905,21.641980831404243,16.643579950475456,3.866279069767442,4.0,17.18741702017905,0.0
85,200,29,sin((abs(x))+(x)),17.18741702017905,20.471221854477943,15.068247662741156,4.005847953216374,4.0,17.18741702017905,0.0
86,200,27,sin((abs(x))+(x)),17.18741702017905,22.937208217127118,27.888043143105097,3.959537572254335,4.0,17.18741702017905,0.0
87,200,20,sin((abs(x))+(x)),17.18741702017905,24.79049933211468,43.224204453526696,3.9277777777777776,4.0,17.18741702017905,0.0
88,200,24,sin((abs(x))+(x)),17.18741702017905,21.012039728897246,14.838728393170697,3.903409090909091,4.0,17.18741702017905,0.0
89,200,27,sin((abs(x))+(x)),17.18741702017905,21.95962370781157,18.973583138605076,3.9421965317919074,4.0,17.18741702017905,0.0
90,200,32,sin((abs(x))+(x)),17.18741702017905,21.015565996521588,14.981632200102789,4.017857142857143,4.0,17.18741702017905,0.0
91,200,31,sin((abs(x))+(x)),17.18741702017905,19.895343688455323,12.814614180580417,3.9940828402366866,4.0,17.18741702017905,0.0
92,200,27,sin((abs(x))+(x)),17.18741702017905,3061.714147991574,39896.72353884327,3.8959537572254335,4.0,17.18741702017905,0.0
93,200,17,sin((abs(x))+(x)),17.18741702017905,20.95201309800786,15.40412970131482,3.918032786885246,4.0,17.18741702017905,0.0
94,200,26,sin((abs(x))+(x)),17.18741702017905,20.411166625217252,14.600092580352626,3.942528735632184,4.0,17.18741702017905,0.0
95,200,25,sin((abs(x))+(x)),17.18741702017905,22.905100193880852,20.815172004402456,3.942857142857143,4.0,17.18741702017905,0.0
96,200,24,sin((abs(x))+(x)),17.18741702017905,19.914801599993464,9.078116003627818,3.9886363636363638,4.0,17.18741702017905,0.0
97,200,29,sin((abs(x))+(x)),17.18741702017905,19.97492351473641,9.241282304575071,3.9239766081871346,4.0,17.18741702017905,0.0
98,200,20,sin((abs(x))+(x)),17.18741702017905,21.779516138760602,19.707148184259065,3.861111111111111,4.0,17.18741702017905,0.0
99,200,20,sin((abs(x))+(x)),17.18741702017905,22.522751770358393,18.891373064453894,3.95,4.0,17.18741702017905,0.0
100,200,25,sin((abs(x))+(x)),17.18741702017905,21.350384611439328,15.953046243541792,3.9485714285714284,4.0,17.18741702017905,0.0
101,200,26,sin((abs(x))+(x)),17.18741702017905,23.56450677019796,57.21851015697025,3.9770114942528734,4.0,17.18741702017905,0.0
102,200,26,sin((abs(x))+(x)),17.18741702017905,20.379704563331774,16.59452948628145,3.942528735632184,4.0,17.18741702017905,0.0
103,200,28,sin((abs(x))+(x)),17.18741702017905,20.80805482972442,15.433134495378027,3.9709302325581395,4.0,17.18741702017905,0.0
104,200,28,sin((abs(x))+(x)),17.18741702017905,48.0037837823303,368.8300608003793,3.988372093023256,4.0,17.18741702017905,0.0
105,200,25,sin((abs(x))+(x)),17.18741702017905,21.324678908996855,21.32484568396074,3.902857142857143,4.0,17.18741702017905,0.0
106,200,29,sin((abs(x))+(x)),17.18741702017905,20.879267768815424,19.81566521365842,3.9766081871345027,4.0,17.18741702017905,0.0
107,200,23,sin((abs(x))+(x)),17.18741702017905,19.79516354619476,8.000735393244288,4.016949152542373,4.0,17.18741702017905,0.0
108,200,25,sin((abs(x))+(x)),17.18741702017905,20.564661663487694,10.01582289660422,3.8514285714285714,4.0,17.18741702017905,0.0
109,200,25,sin((abs(x))+(x)),17.18741702017905,19.985387086700335,7.9455957351221445,3.994285714285714,4.0,17.18741702017905,0.0
110,200,33,sin((abs(x))+(x)),17.18741702017905,20.833519065617512,11.027852007333832,3.92814371257485,4.0,17.18741702017905,0.0
111,200,30,sin((abs(x))+(x)),17.18741702017905,20.985047803106845,21.96925107610454,4.0588235294117645,4.0,17.18741702017905,0.0
112,200,20,sin((abs(x))+(x)),17.18741702017905,23.643050310095976,34.58290383950348,3.933333333333333,4.0,17.18741702017905,0.0
113,200,27,sin((abs(x))+(x)),17.18741702017905,20.29328646554649,9.993069345855973,3.832369942196532,4.0,17.18741702017905,0.0
114,200,21,sin((abs(x))+(x)),17.18741702017905,20.637244683469422,9.467410665409188,3.8379888268156424,4.0,17.18741702017905,0.0
115,200,22,sin((abs(x))+(x)),17.18741702017905,24.100716536027562,23.432576018646582,3.9775280898876404,4.0,17.18741702017905,0.0
116,200,26,sin((abs(x))+(x)),17.18741702017905,20.914094294556975,19.34692649936374,3.8908045977011496,4.0,17.18741702017905,0.0
117,200,25,sin((abs(x))+(x)),17.18741702017905,20.78034523043312,11.81928171688093,3.9314285714285715,4.0,17.18741702017905,0.0
118,200,25,sin((abs(x))+(x)),17.18741702017905,21.164371696649955,15.494046830345079,4.0,4.0,17.18741702017905,0.0
119,200,21,sin((abs(x))+(x)),17.18741702017905,21.667004772739606,18.250390603037474,3.9553072625698324,4.0,17.18741702017905,0.0
120,200,24,sin((abs(x))+(x)),17.18741702017905,21.209740249412263,15.65461022473456,3.875,4.0,17.18741702017905,0.0
121,200,29,sin((abs(x))+(x)),17.18741702017905,24.822889624406486,43.111569197870836,3.9883040935672516,4.0,17.18741702017905,0.0
122,200,24,sin((abs(x))+(x)),17.18741702017905,21.108068258091592,16.18564852325977,3.903409090909091,4.0,17.18741702017905,0.0
123,200,27,sin((abs(x))+(x)),17.18741702017905,22.735445180786122,28.690528040120075,3.9364161849710984,4.0,17.18741702017905,0.0
124,200,28,sin((abs(x))+(x)),17.18741702017905,21.084629541040734,20.25788531820863,3.936046511627907,4.0,17.18741702017905,0.0
125,200,33,sin((abs(x))+(x)),17.18741702017905,20.6351678717464,14.997059043879018,3.940119760479042,4.0,17.18741702017905,0.0
126,200,33,sin((abs(x))+(x)),17.18741702017905,21.24464281820361,17.086061930996223,4.077844311377246,4.0,17.18741702017905,0.0
127,200,34,sin((abs(x))+(x)),17.18741702017905,19.128899771928914,6.7590005913893405,4.0120481927710845,4.0,17.18741702017905,0.0
128,200,30,sin((abs(x))+(x)),17.18741702017905,20.26211652298109,10.074326695993204,4.011764705882353,4.0,17.18741702017905,0.0
129,200,26,sin((abs(x))+(x)),17.18741702017905,23.831067271350726,36.603804093614826,3.9827586206896552,4.0,17.18741702017905,0.0
130,200,22,sin((abs(x))+(x)),17.18741702017905,38.41370318176513,227.4387755860818,3.898876404494382,4.0,17.18741702017905,0.0
131,200,29,sin((abs(x))+(x)),17.18741702017905,19.881643699573292,9.160731520932048,3.935672514619883,4.0,17.18741702017905,0.0
132,200,25,sin((abs(x))+(x)),17.18741702017905,1525.0195127018872,19834.23565493389,3.96,4.0,17.18741702017905,0.0
133,200,23,sin((abs(x))+(x)),17.18741702017905,21.560114680100686,21.093898098543495,3.8870056497175143,4.0,17.18741702017905,0.0
134,200,31,sin((abs(x))+(x)),17.18741702017905,21.08625727426686,15.959185099111787,3.9822485207100593,4.0,17.18741702017905,0.0
135,200,28,sin((abs(x))+(x)),17.18741702017905,20.84450060620399,15.000345203474724,3.9593023255813953,4.0,17.18741702017905,0.0
136,200,30,sin((abs(x))+(x)),17.18741702017905,20.593123380577197,19.295118896359792,3.8823529411764706,4.0,17.18741702017905,0.0
137,200,29,sin((abs(x))+(x)),17.18741702017905,20.49861567523549,15.478141216649913,3.982456140350877,4.0,17.18741702017905,0.0
138,200,24,sin((abs(x))+(x)),17.18741702017905,21.33299968608066,16.93759654071538,3.977272727272727,4.0,17.18741702017905,0.0
139,200,29,sin((abs(x))+(x)),17.18741702017905,23.762284920698523,28.895458234933475,3.9064327485380117,4.0,17.18741702017905,0.0
140,200,27,sin((abs(x))+(x)),17.18741702017905,20.640586454498372,10.038290151442157,3.8901734104046244,4.0,17.18741702017905,0.0
141,200,26,sin((abs(x))+(x)),17.18741702017905,22.497991914722153,22.42601462892684,3.8793103448275863,4.0,17.18741702017905,0.0
142,200,24,sin((abs(x))+(x)),17.18741702017905,57.51553393912571,458.9769103300027,3.960227272727273,4.0,17.18741702017905,0.0
143,200,23,sin((abs(x))+(x)),17.18741702017905,22.16272641326611,15.064511147165248,4.0,4.0,17.18741702017905,0.0
144,200,25,sin((abs(x))+(x)),17.18741702017905,19.587006933453058,8.348556543121836,3.92,4.0,17.18741702017905,0.0
145,200,28,sin((abs(x))+(x)),17.18741702017905,20.066766140533414,11.104583644608354,3.9825581395348837,4.0,17.18741702017905,0.0
146,200,28,sin((abs(x))+(x)),17.18741702017905,20.502332336824523,12.181258466019473,3.9593023255813953,4.0,17.18741702017905,0.0
147,200,29,sin((abs(x))+(x)),17.18741702017905,20.494750509199008,11.976022699308762,3.9064327485380117,4.0,17.18741702017905,0.0
148,200,20,sin((abs(x))+(x)),17.18741702017905,21.424097385418147,17.735738872215656,3.8555555555555556,4.0,17.18741702017905,0.0
149,200,34,sin((abs(x))+(x)),17.18741702017905,20.983379936302736,15.478059994809028,4.042168674698795,4.0,17.18741702017905,0.0
150,200,24,sin((abs(x))+(x)),17.18741702017905,21.817502111413344,17.108674142339698,4.034090909090909,4.0,17.18741702017905,0.0
151,200,26,sin((abs(x))+(x)),17.18741702017905,21.408633326034312,17.84500679153389,3.8333333333333335,4.0,17.18741702017905,0.0
152,200,29,sin((abs(x))+(x)),17.18741702017905,22.615959816023263,21.4034061412044,3.9707602339181287,4.0,17.18741702017905,0.0
153,200,25,sin((abs(x))+(x)),17.18741702017905,21.097807645424098,16.16697121340759,3.9885714285714284,4.0,17.18741702017905,0.0
154,200,31,sin((abs(x))+(x)),17.18741702017905,20.253774718967673,9.193635701383915,3.9881656804733727,4.0,17.18741702017905,0.0
155,200,30,sin((abs(x))+(x)),17.18741702017905,20.269585355506745,13.360646257895715,4.0588235294117645,4.0,17.18741702017905,0.0
156,200,19,sin((abs(x))+(x)),17.18741702017905,44.534382700418895,298.09830934568606,4.033149171270718,4.0,17.18741702017905,0.0
157,200,24,sin((abs(x))+(x)),17.18741702017905,20.032656866802693,9.081687315163865,3.9886363636363638,4.0,17.18741702017905,0.0
158,200,25,sin((abs(x))+(x)),17.18741702017905,21.508556826636916,17.771960006162182,3.92,4.0,17.18741702017905,0.0
159,200,26,sin((abs(x))+(x)),17.18741702017905,19.89771858574447,8.130180400282642,3.9367816091954024,4.0,17.18741702017905,0.0
160,200,28,sin((abs(x))+(x)),17.18741702017905,21.43474762222803,13.668693086425465,3.947674418604651,4.0,17.18741702017905,0.0
161,200,28,sin((abs(x))+(x)),17.18741702017905,27.0278067415265,46.69502221936103,3.9127906976744184,4.0,17.18741702017905,0.0
162,200,27,sin((abs(x))+(x)),17.18741702017905,22.47811155977774,24.195072449824465,3.9248554913294798,4.0,17.18741702017905,0.0
163,200,22,sin((abs(x))+(x)),17.18741702017905,23.856827672968116,26.341216167943767,3.837078651685393,4.0,17.18741702017905,0.0
164,200,28,sin((abs(x))+(x)),17.18741702017905,21.222083645447736,16.461720042656378,3.936046511627907,4.0,17.18741702017905,0.0
165,200,26,sin((abs(x))+(x)),17.18741702017905,21.083662553087958,17.488070761841655,3.9655172413793105,4.0,17.18741702017905,0.0
166,200,18,sin((abs(x))+(x)),17.18741702017905,20.693251032788897,10.366722172131071,3.9450549450549453,4.0,17.18741702017905,0.0
167,200,28,sin((abs(x))+(x)),17.18741702017905,21.873524756174017,31.21626689236879,3.941860465116279,4.0,17.18741702017905,0.0
168,200,29,sin((abs(x))+(x)),17.18741702017905,3098.1799373773615,40124.516481601735,3.935672514619883,4.0,17.18741702017905,0.0
169,200,26,sin((abs(x))+(x)),17.18741702017905,25.6009177478906,63.91319090731688,3.913793103448276,4.0,17.18741702017905,0.0
170,200,26,sin((abs(x))+(x)),17.18741702017905,21.239215961859788,16.197250953520193,3.9942528735632186,4.0,17.18741702017905,0.0
171,200,26,sin((abs(x))+(x)),17.18741702017905,21.116223728862348,14.861928308150306,3.9655172413793105,4.0,17.18741702017905,0.0
172,200,25,sin((abs(x))+(x)),17.18741702017905,23.82426868293154,29.80504809852202,3.8685714285714288,4.0,17.18741702017905,0.0
173,200,25,sin((abs(x))+(x)),17.18741702017905,20.4285966792771,15.760751078427266,3.96,4.0,17.18741702017905,0.0
174,200,29,sin((abs(x))+(x)),17.18741702017905,1560.126425684127,20070.994575700915,3.9707602339181287,4.0,17.18741702017905,0.0
175,200,29,sin((abs(x))+(x)),17.18741702017905,19.98236748188208,10.054922779161155,3.935672514619883,4.0,17.18741702017905,0.0
176,200,20,sin((abs(x))+(x)),17.18741702017905,22.879823823796617,25.002135947463454,3.9555555555555557,4.0,17.18741702017905,0.0
177,200,24,sin((abs(x))+(x)),17.18741702017905,21.64124528534684,19.8141106932325,3.875,4.0,17.18741702017905,0.0
178,200,23,sin((abs(x))+(x)),17.18741702017905,24.498294726563103,35.41636147911777,3.8926553672316384,4.0,17.18741702017905,0.0
179,200,32,sin((abs(x))+(x)),17.18741702017905,100.82240959930988,988.7559571281596,3.9583333333333335,4.0,17.18741702017905,0.0
180,200,34,sin((abs(x))+(x)),17.18741702017905,21.265087408131542,20.474609049762957,3.9578313253012047,4.0,17.18741702017905,0.0
181,200,23,sin((abs(x))+(x)),17.18741702017905,21.24061048572881,13.611454957055098,3.9322033898305087,4.0,17.18741702017905,0.0
182,200,22,sin((abs(x))+(x)),17.18741702017905,23.499008389314987,29.782654048255072,3.966292134831461,4.0,17.18741702017905,0.0
183,200,25,sin((abs(x))+(x)),17.18741702017905,21.114263864768954,20.02918324706914,3.954285714285714,4.0,17.18741702017905,0.0
184,200,23,sin((abs(x))+(x)),17.18741702017905,21.090518678790257,17.151103121594957,4.022598870056497,4.0,17.18741702017905,0.0
185,200,30,sin((abs(x))+(x)),17.18741702017905,21.38819308814337,24.162140537332505,3.9529411764705884,4.0,17.18741702017905,0.0
186,200,25,sin((abs(x))+(x)),17.18741702017905,20.810504193571596,16.033452843079093,3.9257142857142857,4.0,17.18741702017905,0.0
187,200,23,sin((abs(x))+(x)),17.18741702017905,23.947861158186424,34.58013173385015,4.096045197740113,4.0,17.18741702017905,0.0
188,200,29,sin((abs(x))+(x)),17.18741702017905,39.54849070482232,233.28174831053255,3.9649122807017543,4.0,17.18741702017905,0.0
189,200,29,sin((abs(x))+(x)),17.18741702017905,19.204606434898842,6.970202830775713,4.029239766081871,4.0,17.18741702017905,0.0
190,200,26,sin((abs(x))+(x)),17.18741702017905,20.986468658910834,14.10674647350905,3.8735632183908044,4.0,17.18741702017905,0.0
191,200,23,sin((abs(x))+(x)),17.18741702017905,21.509179481983086,17.503170326446316,3.8926553672316384,4.0,17.18741702017905,0.0
192,200,25,sin((abs(x))+(x)),17.18741702017905,21.24966468161855,19.721443615686656,3.942857142857143,4.0,17.18741702017905,0.0
193,200,26,sin((abs(x))+(x)),17.18741702017905,22.829250938262046,23.67529719356865,3.942528735632184,4.0,17.18741702017905,0.0
194,200,28,sin((abs((abs(x))-(cos(x))))+(x)),10.593434683186512,23.182022854594095,24.877799222599254,3.988372093023256,4.1,16.857717903329423,2.0653286453770554
195,200,26,sin((abs((abs(x))-(cos(x))))+(x)),10.593434683186512,23.131638078378312,28.644793469710436,4.080459770114943,4.5,15.538921435930913,8.1526130738568
196,200,28,sin((abs((abs(x))-(cos(x))))+(x)),10.593434683186512,20.45105348240992,19.249842554457896,4.069767441860465,5.0,13.890425851682778,10.870150765142396
197,200,26,sin((abs((abs(x))-(cos(x))))+(x)),10.593434683186512,19.354540401951876,14.224752078872454,4.275862068965517,6.0,10.59343468318651,3.1554436208840472e-30
198,200,27,sin((abs((abs(x))-(cos(x))))+(x)),10.593434683186512,17.38076582366742,10.654196428574584,4.855491329479769,6.0,10.59343468318651,3.1554436208840472e-30
199,200,29,sin((abs((abs(x))-(cos(x))))+(x)),10.593434683186512,14.988935339490313,10.387098319693386,5.52046783625731,6.0,10.59343468318651,3.1554436208840472e-30
200,200,28,sin((abs((abs(x))-(cos(x))))+(x)),10.593434683186512,15.512072043117637,23.435172314802518,5.837209302325581,6.0,10.59343468318651,3.1554436208840472e-30
201,200,23,sin((abs((abs(x))-(cos(x))))+(x)),10.593434683186512,16.357741873099158,23.49569226156795,5.830508474576271,6.0,10.59343468318651,3.1554436208840472e-30
202,200,31,sin((abs((abs(x))-(cos(x))))+(x)),10.593434683186512,18.502146894332164,39.9464959330441,5.928994082840236,6.0,10.59343468318651,3.1554436208840472e-30
203,200,30,sin((abs((abs(x))-(cos(x))))+(x)),10.593434683186512,14.135446018105343,10.694511649864097,5.852941176470588,6.0,10.59343468318651,3.1554436208840472e-30
204,200,28,sin((abs((abs(x))-(cos(x))))+(x)),10.593434683186512,14.951773561180916,16.28094132765443,5.686046511627907,6.0,10.59343468318651,3.1554436208840472e-30
205,200,30,sin((abs((abs(x))-(cos(x))))+(x)),10.593434683186512,18.65433894837458,49.02233205016616,5.870588235294117,6.0,10.59343468318651,3.1554436208840472e-30
206,200,39,sin((abs((abs(x))-(cos(x))))+(x)),10.593434683186512,14.934015393967275,20.165450135189253,5.913043478260869,6.0,10.59343468318651,3.1554436208840472e-30
207,200,29,sin((abs((abs(x))-(cos(x))))+(x)),10.593434683186512,13.27029181027275,8.611709694175154,5.935672514619883,6.0,10.59343468318651,3.1554436208840472e-30
208,200,24,sin((abs((abs(x))-(cos(x))))+(x)),10.593434683186512,16.475330371944583,23.694414892252837,5.6875,6.0,10.59343468318651,3.1554436208840472e-30
209,200,32,sin((abs((abs(x))-(cos(x))))+(x)),10.593434683186512,18.105107991456663,29.502817276665166,5.779761904761905,6.0,10.59343468318651,3.1554436208840472e-30
210,200,25,sin((abs((abs(x))-(cos(x))))+(x)),10.593434683186512,16.10994682241553,22.685159878448165,5.725714285714286,6.0,10.59343468318651,3.1554436208840472e-30
211,200,21,sin((abs((abs(x))-(cos(x))))+(x)),10.593434683186512,16.571511871886983,25.11289486755336,5.737430167597766,6.0,10.59343468318651,3.1554436208840472e-30
212,200,28,sin((abs((abs(x))-(cos(x))))+(x)),10.593434683186512,14.589044561535447,15.824789142706127,5.796511627906977,6.0,10.59343468318651,3.1554436208840472e-30
213,200,30,sin((abs((abs(x))-(cos(x))))+(x)),10.593434683186512,19.21723393494392,60.06378080240152,5.805882352941176,6.0,10.59343468318651,3.1554436208840472e-30
214,200,21,sin((abs((abs(x))-(cos(x))))+(x)),10.593434683186512,14.82088153621128,12.031827354481852,5.687150837988827,6.0,10.59343468318651,3.1554436208840472e-30
215,200,25,sin((abs((abs(x))-(cos(x))))+(x)),10.593434683186512,14.855972836199175,17.356126972674,5.8,6.0,10.59343468318651,3.1554436208840472e-30
216,200,30,sin((abs((abs(x))-(cos(x))))+(x)),10.593434683186512,15.548782978577192,23.72568182779334,5.817647058823529,6.0,10.59343468318651,3.1554436208840472e-30
217,200,33,sin((abs((abs(x))-(cos(x))))+(x)),10.593434683186512,13.989201986980646,11.899543981475587,5.922155688622754,6.0,10.59343468318651,3.1554436208840472e-30
218,200,29,sin((abs((abs(x))-(cos(x))))+(x)),10.593434683186512,13.669814330683845,9.561784499895499,5.766081871345029,6.0,10.59343468318651,3.1554436208840472e-30
219,200,36,sin((abs((abs(x))-(cos(x))))+(x)),10.593434683186512,14.85274289976921,17.606611882445335,5.817073170731708,6.0,10.59343468318651,3.1554436208840472e-30
220,200,31,sin((abs((abs(x))-(cos(x))))+(x)),10.593434683186512,14.926867183104465,17.402085001964295,5.798816568047338,6.0,10.59343468318651,3.1554436208840472e-30
221,200,30,sin((abs((abs(x))-(cos(x))))+(x)),10.593434683186512,16.60287458518888,24.458279531517736,5.723529411764706,6.0,10.59343468318651,3.1554436208840472e-30
222,200,32,sin((abs((abs(x))-(cos(x))))+(x)),10.593434683186512,15.603368110607713,28.169117870757315,5.815476190476191,6.0,10.59343468318651,3.1554436208840472e-30
223,200,29,sin((abs((abs(x))-(cos(x))))+(x)),10.593434683186512,15.460370519991605,21.066847177584723,5.8654970760233915,6.0,10.59343468318651,3.1554436208840472e-30
224,200,27,sin((abs((abs(x))-(cos(x))))+(x)),10.593434683186512,14.158200741069168,10.328374910155947,5.861271676300578,6.0,10.59343468318651,3.1554436208840472e-30
225,200,31,sin((abs((abs(x))-(cos(x))))+(x)),10.593434683186512,13.926324546218193,11.288298224828594,5.798816568047338,6.0,10.59343468318651,3.1554436208840472e-30
226,200,26,sin((abs((abs(x))-(cos(x))))+(x)),10.593434683186512,18.0933905379683,27.38422352405127,5.724137931034483,6.0,10.59343468318651,3.1554436208840472e-30
227,200,23,sin((abs((abs(x))-(cos(x))))+(x)),10.593434683186512,29.66960246149123,127.24108238692462,5.751412429378531,6.0,10.59343468318651,3.1554436208840472e-30
228,200,33,sin((abs((abs(x))-(cos(x))))+(x)),10.593434683186512,14.44455462988752,11.803435865696231,5.892215568862276,6.0,10.59343468318651,3.1554436208840472e-30
229,200,30,sin((abs((abs(x))-(cos(x))))+(x)),10.593434683186512,14.968735006942067,12.185803291487664,5.970588235294118,6.0,10.59343468318651,3.1554436208840472e-30
230,200,25,sin((abs((abs(x))-(cos(x))))+(x)),10.593434683186512,15.571831162156487,13.981907798998819,5.702857142857143,6.0,10.59343468318651,3.1554436208840472e-30
231,200,27,sin((abs((abs(x))-(cos(x))))+(x)),10.593434683186512,14.658715064125744,15.365978301362894,5.687861271676301,6.0,10.59343468318651,3.1554436208840472e-30
232,200,26,sin((abs((abs(x))-(cos(x))))+(x)),10.593434683186512,15.243223108995581,16.30669950666605,5.816091954022989,6.0,10.59343468318651,3.1554436208840472e-30
233,200,26,sin((abs((abs(x))-(cos(x))))+(x)),10.593434683186512,16.478394446425344,20.725189708621162,5.695402298850575,6.0,10.59343468318651,3.1554436208840472e-30
234,200,30,sin((abs((abs(x))-(cos(x))))+(x)),10.593434683186512,13.923749591113223,10.483467102192082,5.841176470588235,6.0,10.59343468318651,3.1554436208840472e-30
235,200,28,sin((abs((abs(x))-(cos(x))))+(x)),10.593434683186512,17.140994275872636,28.51114989385793,5.767441860465116,6.0,10.59343468318651,3.1554436208840472e-30
236,200,27,sin((abs((abs(x))-(cos(x))))+(x)),10.593434683186512,15.445472810303167,19.045848524230585,5.69364161849711,6.0,10.59343468318651,3.1554436208840472e-30
237,200,30,sin((abs((abs(x))-(cos(x))))+(x)),10.593434683186512,16.222565605374164,27.343464868379233,5.847058823529411,6.0,10.59343468318651,3.1554436208840472e-30
238,200,25,sin((abs((abs(x))-(cos(x))))+(x)),10.593434683186512,16.423272006751098,21.681402273009827,5.725714285714286,6.0,10.59343468318651,3.1554436208840472e-30
239,200,27,sin((abs((abs(x))-(cos(x))))+(x)),10.593434683186512,16.28983754556955,21.026877528389605,5.716763005780347,6.0,10.59343468318651,3.1554436208840472e-30
240,200,24,sin((abs((abs(x))-(cos(x))))+(x)),10.593434683186512,16.131451448042384,16.60055162632093,5.715909090909091,6.0,10.59343468318651,3.1554436208840472e-30
241,200,33,sin((abs((abs(x))-(cos(x))))+(x)),10.593434683186512,14.518949074753053,16.46708894736183,5.802395209580839,6.0,10.59343468318651,3.1554436208840472e-30
242,200,23,sin((abs((abs(x))-(cos(x))))+(x)),10.593434683186512,15.953648989474269,20.998534946350738,5.751412429378531,6.0,10.59343468318651,3.1554436208840472e-30
243,200,22,sin((abs((abs(x))-(cos(x))))+(x)),10.593434683186512,16.91672875093999,20.91604989136476,5.769662921348314,6.0,10.59343468318651,3.1554436208840472e-30
244,200,29,sin((abs((abs(x))-(cos(x))))+(x)),10.593434683186512,20.491086629196932,53.010626450355666,5.923976608187134,6.0,10.59343468318651,3.1554436208840472e-30
245,200,31,sin((abs((abs(x))-(cos(x))))+(x)),10.593434683186512,15.959424206910104,20.66555916125897,5.792899408284024,6.0,10.59343468318651,3.1554436208840472e-30
246,200,30,sin((abs((abs(x))-(cos(x))))+(x)),10.593434683186512,15.033187213896886,17.801613174360135,5.747058823529412,6.0,10.59343468318651,3.1554436208840472e-30
247,200,30,sin((abs((abs(x))-(cos(x))))+(x)),10.593434683186512,16.695259092241546,35.2489096589094,5.8,6.0,10.59343468318651,3.1554436208840472e-30
248,200,25,sin((abs((abs(x))-(cos(x))))+(x)),10.593434683186512,15.059956494429297,17.806450569483182,5.822857142857143,6.0,10.59343468318651,3.1554436208840472e-30
249,200,33,sin((abs((abs(x))-(cos(x))))+(x)),10.593434683186512,16.75551455420874,26.404876714558394,5.874251497005988,6.0,10.59343468318651,3.1554436208840472e-30
250,200,35,sin((abs((abs(x))-(cos(x))))+(x)),10.593434683186512,14.884176026917235,16.34712718942487,5.781818181818182,6.0,10.59343468318651,3.1554436208840472e-30
251,200,27,sin((abs((abs(x))-(cos(x))))+(x)),10.593434683186512,17.066812585767117,24.886221545225887,5.624277456647399,6.0,10.59343468318651,3.1554436208840472e-30
252,200,31,sin((abs((abs(x))-(cos(x))))+(x)),10.593434683186512,13.938760838493948,10.515382081601597,5.781065088757397,6.0,10.59343468318651,3.1554436208840472e-30
253,200,28,sin((abs((abs(x))-(cos(x))))+(x)),10.593434683186512,14.539656095652287,15.176733146681045,5.930232558139535,6.0,10.59343468318651,3.1554436208840472e-30
254,200,21,sin((abs((abs(x))-(cos(x))))+(x)),10.593434683186512,14.839492381960756,12.651582070426157,5.748603351955308,6.0,10.59343468318651,3.1554436208840472e-30
255,200,27,sin((abs((abs(x))-(cos(x))))+(x)),10.593434683186512,17.07172124864006,40.23584772138081,5.786127167630058,6.0,10.59343468318651,3.1554436208840472e-30
256,200,28,sin((abs((abs(x))-(cos(x))))+(x)),10.593434683186512,15.643490646483336,21.93689652766776,5.813953488372093,6.0,10.59343468318651,3.1554436208840472e-30
257,200,23,sin((abs((abs(x))-(cos(x))))+(x)),10.593434683186512,15.048062848919127,15.273032418022844,5.745762711864407,6.0,10.59343468318651,3.1554436208840472e-30
258,200,24,sin((abs((abs(x))-(cos(x))))+(x)),10.593434683186512,15.240303811133854,18.43051111760695,5.8352272727272725,6.0,10.59343468318651,3.1554436208840472e-30
259,200,30,sin((abs((abs(x))-(cos(x))))+(x)),10.593434683186512,13.177219997303341,8.335587215695343,5.882352941176471,6.0,10.59343468318651,3.1554436208840472e-30
260,200,30,sin((abs((abs(x))-(cos(x))))+(x)),10.593434683186512,14.99560398347887,14.099603527215365,5.752941176470588,6.0,10.59343468318651,3.1554436208840472e-30
261,200,30,sin((abs((abs(x))-(cos(x))))+(x)),10.593434683186512,15.825263833905955,22.380228581854297,5.758823529411765,6.0,10.59343468318651,3.1554436208840472e-30
262,200,31,sin((abs((abs(x))-(cos(x))))+(x)),10.593434683186512,14.627022776523647,15.424647746748022,5.875739644970414,6.0,10.59343468318651,3.1554436208840472e-30
263,200,30,sin((abs((abs(x))-(cos(x))))+(x)),10.593434683186512,13.567238346210923,9.774890345911366,5.841176470588235,6.0,10.59343468318651,3.1554436208840472e-30
264,200,35,sin((abs((abs(x))-(cos(x))))+(x)),10.593434683186512,12.962611169079901,8.533565407160046,5.8545454545454545,6.0,10.59343468318651,3.1554436208840472e-30
265,200,23,sin((abs((abs(x))-(cos(x))))+(x)),10.593434683186512,14.5824637827574,10.177303670757022,5.68361581920904,6.0,10.59343468318651,3.1554436208840472e-30
266,200,31,sin((abs((abs(x))-(cos(x))))+(x)),10.593434683186512,17.297678872757153,44.848610321259024,5.792899408284024,6.0,10.59343468318651,3.1554436208840472e-30
267,200,24,sin((abs((abs(x))-(cos(x))))+(x)),10.593434683186512,15.528030988564986,15.83213345981657,5.704545454545454,6.0,10.59343468318651,3.1554436208840472e-30
268,200,30,sin((abs((abs(x))-(cos(x))))+(x)),10.593434683186512,13.083160388596609,9.439524297593023,5.947058823529412,6.0,10.59343468318651,3.1554436208840472e-30
269,200,33,sin((abs((abs(x))-(cos(x))))+(x)),10.593434683186512,14.378193270580136,15.097954860849875,5.850299401197605,6.0,10.59343468318651,3.1554436208840472e-30
270,200,25,sin((abs((abs(x))-(cos(x))))+(x)),10.593434683186512,20.07829616428363,36.39710764315781,5.811428571428571,6.0,10.59343468318651,3.1554436208840472e-30
271,200,26,sin((abs((abs(x))-(cos(x))))+(x)),10.593434683186512,16.539093092809445,28.14161331688196,5.879310344827586,6.0,10.59343468318651,3.1554436208840472e-30
272,200,27,sin((abs((abs(x))-(cos(x))))+(x)),10.593434683186512,15.450268005398092,22.261403826582505,5.820809248554913,6.0,10.59343468318651,3.1554436208840472e-30
273,200,23,sin((abs((abs(x))-(cos(x))))+(x)),10.593434683186512,15.194754327437744,19.808403821315817,5.762711864406779,6.0,10.59343468318651,3.1554436208840472e-30
274,200,29,sin((abs((abs(x))-(cos(x))))+(x)),10.593434683186512,19.164269989179978,49.66201195202903,5.783625730994152,6.0,10.59343468318651,3.1554436208840472e-30
275,200,27,sin((abs((abs(x))-(cos(x))))+(x)),10.593434683186512,14.360348651553,11.03403712370233,5.7398843930635834,6.0,10.59343468318651,3.1554436208840472e-30
276,200,30,sin((abs((abs(x))-(cos(x))))+(x)),10.593434683186512,33.581636908997766,234.05579342124508,5.7176470588235295,6.0,10.59343468318651,3.1554436208840472e-30
277,200,33,sin((abs((abs(x))-(cos(x))))+(x)),10.593434683186512,14.866166743299694,17.47555651516258,5.796407185628743,6.0,10.59343468318651,3.1554436208840472e-30
278,200,27,sin((abs((abs(x))-(cos(x))))+(x)),10.593434683186512,15.231469619313572,16.1453924702444,5.791907514450867,6.0,10.59343468318651,3.1554436208840472e-30
279,200,35,sin((abs((abs(x))-(cos(x))))+(x)),10.593434683186512,14.568256507479923,12.347199338337186,5.7696969696969695,6.0,10.59343468318651,3.1554436208840472e-30
280,200,22,sin((abs((abs(x))-(cos(x))))+(x)),10.593434683186512,18.774073827132735,29.63046702613139,5.747191011235955,6.0,10.59343468318651,3.1554436208840472e-30
281,200,25,sin((abs((abs(x))-(cos(x))))+(x)),10.593434683186512,18.117257280793996,41.37465460898775,5.605714285714286,6.0,10.59343468318651,3.1554436208840472e-30
282,200,31,sin((abs((abs(x))-(cos(x))))+(x)),10.593434683186512,13.12863723641697,8.037232683786685,5.792899408284024,6.0,10.59343468318651,3.1554436208840472e-30
283,200,27,sin((abs((abs(x))-(cos(x))))+(x)),10.593434683186512,18.19093674528585,27.64049938643021,5.728323699421965,6.0,10.59343468318651,3.1554436208840472e-30
284,200,21,sin((abs((abs(x))-(cos(x))))+(x)),10.593434683186512,15.082406652455262,12.820137875365104,5.743016759776537,6.0,10.59343468318651,3.1554436208840472e-30
285,200,27,sin((abs((abs(x))-(cos(x))))+(x)),10.593434683186512,13.067707383119242,7.897290619165791,5.9479768786127165,6.0,10.59343468318651,3.1554436208840472e-30
286,200,31,sin((abs((abs(x))-(cos(x))))+(x)),10.593434683186512,15.53964706383236,30.5435086709654,5.816568047337278,6.0,10.59343468318651,3.1554436208840472e-30
287,200,28,sin((abs((abs(x))-(cos(x))))+(x)),10.593434683186512,14.018595934222525,10.854277027757396,5.8604651162790695,6.0,10.59343468318651,3.1554436208840472e-30
288,200,31,sin((abs((abs(x))-(cos(x))))+(x)),10.593434683186512,14.045670639373409,12.075536034000521,5.887573964497041,6.0,10.59343468318651,3.1554436208840472e-30
289,200,32,sin((abs((abs(x))-(cos(x))))+(x)),10.593434683186512,13.288971815059101,8.357879778288831,5.851190476190476,6.0,10.59343468318651,3.1554436208840472e-30
290,200,24,sin((abs((abs(x))-(cos(x))))+(x)),10.593434683186512,15.53241037197549,16.79081410050831,5.75,6.0,10.59343468318651,3.1554436208840472e-30
291,200,30,sin((abs((abs(x))-(cos(x))))+(x)),10.593434683186512,14.721606317379177,21.42960806249721,5.8882352941176475,6.0,10.59343468318651,3.1554436208840472e-30
292,200,24,sin((abs((abs(x))-(cos(x))))+(x)),10.593434683186512,18.857253777703104,34.843907485662164,5.721590909090909,6.0,10.59343468318651,3.1554436208840472e-30
293,200,23,sin((abs((abs(x))-(cos(x))))+(x)),10.593434683186512,17.226964548738817,30.120227226711666,5.8192090395480225,6.0,10.59343468318651,3.1554436208840472e-30
294,200,33,sin((abs((abs(x))-(cos(x))))+(x)),10.593434683186512,14.313307675193714,15.088939915390034,5.8562874251497,6.0,10.59343468318651,3.1554436208840472e-30
295,200,22,sin((abs((abs(x))-(cos(x))))+(x)),10.593434683186512,17.035923748755238,22.607692813270525,5.679775280898877,6.0,10.59343468318651,3.1554436208840472e-30
296,200,30,sin((abs((abs(x))-(cos(x))))+(x)),10.593434683186512,14.403005951121965,13.322556353376246,5.91764705882353,6.0,10.59343468318651,3.1554436208840472e-30
297,200,28,sin((abs((abs(x))-(cos(x))))+(x)),10.593434683186512,17.976683607763196,27.223738933836877,5.633720930232558,6.0,10.59343468318651,3.1554436208840472e-30
298,200,31,sin((abs((abs(x))-(cos(x))))+(x)),10.593434683186512,35.118709842810446,240.23284477721347,5.85207100591716,6.0,10.59343468318651,3.1554436208840472e-30
299,200,25,sin((abs((abs(x))-(cos(x))))+(x)),10.593434683186512,17.33889392655034,28.97303848907649,5.725714285714286,6.0,10.59343468318651,3.1554436208840472e-30
300,200,23,sin((abs((abs(x))-(cos(x))))+(x)),10.593434683186512,18.60965889216034,30.664351603892033,5.836158192090395,6.0,10.59343468318651,3.1554436208840472e-30
301,200,33,sin((abs((abs(x))-(cos(x))))+(x)),10.593434683186512,15.438927046907834,22.33329640495359,5.850299401197605,6.0,10.59343468318651,3.1554436208840472e-30
302,200,26,sin((abs((abs(x))-(cos(x))))+(x)),10.593434683186512,14.00895648315753,10.902724251505877,5.7298850574712645,6.0,10.59343468318651,3.1554436208840472e-30
303,200,30,sin((abs((abs(x))-(cos(x))))+(x)),10.593434683186512,16.969637924972982,31.899032123831887,5.8352941176470585,6.0,10.59343468318651,3.1554436208840472e-30
304,200,27,sin((abs((abs(x))-(cos(x))))+(x)),10.593434683186512,16.482359616816076,21.842879029139024,5.803468208092486,6.0,10.59343468318651,3.1554436208840472e-30
305,200,24,sin((abs((abs(x))-(cos(x))))+(x)),10.593434683186512,13.787705314485278,10.671906512707945,5.767045454545454,6.0,10.59343468318651,3.1554436208840472e-30
306,200,29,sin((abs((abs(x))-(cos(x))))+(x)),10.593434683186512,16.20805371397837,27.844388896336767,5.853801169590644,6.0,10.59343468318651,3.1554436208840472e-30
307,200,26,sin((abs((abs(x))-(cos(x))))+(x)),10.593434683186512,16.987634668503617,24.60665299153706,5.913793103448276,6.0,10.59343468318651,3.1554436208840472e-30
308,200,28,sin((abs((abs(x))-(cos(x))))+(x)),10.593434683186512,16.53164041284112,22.241961754413108,5.8313953488372094,6.0,10.59343468318651,3.1554436208840472e-30
309,200,29,sin((abs((abs(x))-(cos(x))))+(x)),10.593434683186512,17.32063031418734,39.90447022726171,5.713450292397661,6.0,10.59343468318651,3.1554436208840472e-30
310,200,36,sin((abs((abs(x))-(cos(x))))+(x)),10.593434683186512,14.985690215137929,22.688349772728824,5.908536585365853,6.0,10.59343468318651,3.1554436208840472e-30
311,200,27,sin((abs((abs(x))-(cos(x))))+(x)),10.593434683186512,17.368905744088085,32.766556212316296,5.84393063583815,6.0,10.59343468318651,3.1554436208840472e-30
312,200,31,sin((abs((abs(x))-(cos(x))))+(x)),10.593434683186512,14.01834828143255,14.401306819231614,5.78698224852071,6.0,10.59343468318651,3.1554436208840472e-30
313,200,28,sin((abs((abs(x))-(cos(x))))+(x)),10.593434683186512,13.8601663115932,11.4527176800411,5.866279069767442,6.0,10.59343468318651,3.1554436208840472e-30
314,200,24,sin((abs((abs(x))-(cos(x))))+(x)),10.593434683186512,30.16578326253671,187.7964457683832,5.8125,6.0,10.59343468318651,3.1554436208840472e-30
315,200,25,sin((abs((abs(x))-(cos(x))))+(x)),10.593434683186512,15.46644102303988,20.161255507310486,5.845714285714286,6.0,10.59343468318651,3.1554436208840472e-30
316,200,27,sin((abs((abs(x))-(cos(x))))+(x)),10.593434683186512,15.365065919406302,17.604288133748398,5.780346820809249,6.0,10.59343468318651,3.1554436208840472e-30
317,200,24,sin((abs((abs(x))-(cos(x))))+(x)),10.593434683186512,14.918698141235096,15.836731323470172,5.8352272727272725,6.0,10.59343468318651,3.1554436208840472e-30
318,200,32,sin((abs((abs(x))-(cos(x))))+(x)),10.593434683186512,15.932754344231666,24.000530388207714,5.744047619047619,6.0,10.59343468318651,3.1554436208840472e-30
319,200,30,sin((abs((abs(x))-(cos(x))))+(x)),10.593434683186512,13.861664395822762,9.890290306868165,5.7176470588235295,6.0,10.59343468318651,3.1554436208840472e-30
320,200,27,sin((abs((abs(x))-(cos(x))))+(x)),10.593434683186512,15.9399846154377,16.084137991375894,5.705202312138728,6.0,10.59343468318651,3.1554436208840472e-30
321,200,28,sin((abs((abs(x))-(cos(x))))+(x)),10.593434683186512,15.503007867859845,15.361717404123393,5.744186046511628,6.0,10.59343468318651,3.1554436208840472e-30
322,200,28,sin((abs((abs(x))-(cos(x))))+(x)),10.593434683186512,15.392437494449453,15.971734550783475,5.680232558139535,6.0,10.59343468318651,3.1554436208840472e-30
323,200,28,sin((abs((abs(x))-(cos(x))))+(x)),10.593434683186512,16.878455132220118,22.81697916186674,5.75,6.0,10.59343468318651,3.1554436208840472e-30
324,200,21,sin((abs((abs(x))-(cos(x))))+(x)),10.593434683186512,17.36209719378772,22.92772902375342,5.810055865921788,6.0,10.59343468318651,3.1554436208840472e-30
325,200,30,sin((abs((abs(x))-(cos(x))))+(x)),10.593434683186512,14.598588842596842,24.343545768161786,5.952941176470588,6.0,10.59343468318651,3.1554436208840472e-30
326,200,28,sin((abs((abs(x))-(cos(x))))+(x)),10.593434683186512,15.77765583791699,23.712514354639776,5.784883720930233,6.0,10.59343468318651,3.1554436208840472e-30
327,200,27,sin((abs((abs(x))-(cos(x))))+(x)),10.593434683186512,16.353150914567163,22.45040618167097,5.838150289017341,6.0,10.59343468318651,3.1554436208840472e-30
328,200,30,sin((abs((abs(x))-(cos(x))))+(x)),10.593434683186512,13.591350958613756,10.565859301917046,5.847058823529411,6.0,10.59343468318651,3.1554436208840472e-30
329,200,26,sin((abs((abs(x))-(cos(x))))+(x)),10.593434683186512,17.190393362791227,25.226843188703874,5.689655172413793,6.0,10.59343468318651,3.1554436208840472e-30
330,200,24,sin((abs((abs(x))-(cos(x))))+(x)),10.593434683186512,17.298052820252142,27.990418416022248,5.801136363636363,6.0,10.59343468318651,3.1554436208840472e-30
331,200,29,sin((abs((abs(x))-(cos(x))))+(x)),10.593434683186512,16.169137786585363,31.869128765527016,5.859649122807017,6.0,10.59343468318651,3.1554436208840472e-30
332,200,30,sin((abs((abs(x))-(cos(x))))+(x)),10.593434683186512,15.488667566430923,19.096083601484565,5.705882352941177,6.0,10.59343468318651,3.1554436208840472e-30
333,200,26,sin((abs((abs(x))-(cos(x))))+(x)),10.593434683186512,15.076855183686687,22.766286838130657,5.942528735632184,6.0,10.59343468318651,3.1554436208840472e-30
334,200,23,sin((abs((abs(x))-(cos(x))))+(x)),10.593434683186512,14.89516374899722,15.545245668144844,5.700564971751413,6.0,10.59343468318651,3.1554436208840472e-30
335,200,29,sin((abs((abs(x))-(cos(x))))+(x)),10.593434683186512,17.139401543258874,41.30712335239409,5.830409356725146,6.0,10.59343468318651,3.1554436208840472e-30
336,200,27,sin((abs((abs(x))-(cos(x))))+(x)),10.593434683186512,16.735026035169327,19.981154658673827,5.572254335260116,6.0,10.59343468318651,3.1554436208840472e-30
337,200,30,sin((abs((abs(x))-(cos(x))))+(x)),10.593434683186512,18.7822074638451,37.88188098547104,5.729411764705882,6.0,10.59343468318651,3.1554436208840472e-30
338,200,28,sin((abs((abs(x))-(cos(x))))+(x)),10.593434683186512,14.106452879659932,10.111675657857742,5.8604651162790695,6.0,10.59343468318651,3.1554436208840472e-30
339,200,29,sin((abs((abs(x))-(cos(x))))+(x)),10.593434683186512,16.4729116239828,30.41322615998647,5.783625730994152,6.0,10.59343468318651,3.1554436208840472e-30
340,200,33,sin((abs((abs(x))-(cos(x))))+(x)),10.593434683186512,13.312589426821601,9.27696431012634,5.820359281437126,6.0,10.59343468318651,3.1554436208840472e-30
341,200,30,sin((abs((abs(x))-(cos(x))))+(x)),10.593434683186512,13.594137470966638,9.291000098815829,5.870588235294117,6.0,10.59343468318651,3.1554436208840472e-30
342,200,27,sin((abs((abs(x))-(cos(x))))+(x)),10.593434683186512,16.079966246879454,32.04029411645453,5.936416184971098,6.0,10.59343468318651,3.1554436208840472e-30
343,200,30,sin((abs((abs(x))-(cos(x))))+(x)),10.593434683186512,14.679360523096141,16.288369585331903,5.823529411764706,6.0,10.59343468318651,3.1554436208840472e-30
344,200,37,sin((abs((abs(x))-(cos(x))))+(x)),10.593434683186512,14.685788391082188,15.977102611714272,5.803680981595092,6.0,10.59343468318651,3.1554436208840472e-30
345,200,33,sin((abs((abs(x))-(cos(x))))+(x)),10.593434683186512,15.011207809164087,21.248517568453657,5.880239520958084,6.0,10.59343468318651,3.1554436208840472e-30
346,200,26,sin((abs((abs(x))-(cos(x))))+(x)),10.593434683186512,16.617999132854266,26.35106833058983,5.879310344827586,6.0,10.59343468318651,3.1554436208840472e-30
347,200,29,sin((abs((abs(x))-(cos(x))))+(x)),10.593434683186512,13.896402058911052,9.55495192746341,5.771929824561403,6.0,10.59343468318651,3.1554436208840472e-30
348,200,25,sin((abs((abs(x))-(cos(x))))+(x)),10.593434683186512,24.04215721877007,97.95642337254398,5.68,6.0,10.59343468318651,3.1554436208840472e-30
349,200,28,sin((abs((abs(x))-(cos(x))))+(x)),10.593434683186512,16.62652771979229,22.455454579861218,5.77906976744186,6.0,10.59343468318651,3.1554436208840472e-30
350,200,33,sin((abs((abs(x))-(cos(x))))+(x)),10.593434683186512,18.233640975944066,30.750503014318713,5.706586826347305,6.0,10.59343468318651,3.1554436208840472e-30
351,200,28,sin((abs((abs(x))-(cos(x))))+(x)),10.593434683186512,18.570289199875045,30.826656407951198,5.686046511627907,6.0,10.59343468318651,3.1554436208840472e-30
352,200,33,sin((abs((abs(x))-(cos(x))))+(x)),10.593434683186512,15.186434659752704,19.36032373261499,5.802395209580839,6.0,10.59343468318651,3.1554436208840472e-30
353,200,29,sin((abs((abs(x))-(cos(x))))+(x)),10.593434683186512,13.72970117558205,9.383728681933748,5.754385964912281,6.0,10.59343468318651,3.1554436208840472e-30
354,200,28,sin((abs((abs(x))-(cos(x))))+(x)),10.593434683186512,14.339148271647986,16.895447014285555,5.848837209302325,6.0,10.59343468318651,3.1554436208840472e-30
355,200,25,sin((abs((abs(x))-(cos(x))))+(x)),10.593434683186512,14.782851036810236,13.578726810282022,5.748571428571428,6.0,10.59343468318651,3.1554436208840472e-30
356,200,31,sin((abs((abs(x))-(cos(x))))+(x)),10.593434683186512,14.875394091734249,18.495916037918807,5.840236686390533,6.0,10.59343468318651,3.1554436208840472e-30
357,200,31,sin((abs((abs(x))-(cos(x))))+(x)),10.593434683186512,20.752206774198957,65.19419409063747,5.893491124260355,6.0,10.59343468318651,3.1554436208840472e-30
358,200,24,sin((abs((abs(x))-(cos(x))))+(x)),10.593434683186512,15.666000046617226,17.3098353848368,5.767045454545454,6.0,10.59343468318651,3.1554436208840472e-30
359,200,27,sin((abs((abs(x))-(cos(x))))+(x)),10.593434683186512,17.321900965381737,24.37512408609845,5.786127167630058,6.0,10.59343468318651,3.1554436208840472e-30
360,200,26,sin((abs((abs(x))-(cos(x))))+(x)),10.593434683186512,21.232752019330068,94.78896128137369,5.885057471264368,6.0,10.59343468318651,3.1554436208840472e-30
361,200,29,sin((abs((abs(x))-(cos(x))))+(x)),10.593434683186512,16.23964793398613,20.59157083508304,5.777777777777778,6.0,10.59343468318651,3.1554436208840472e-30
362,200,27,sin((abs((abs(x))-(cos(x))))+(x)),10.593434683186512,17.83408416620605,27.33239009584191,5.907514450867052,6.0,10.59343468318651,3.1554436208840472e-30
363,200,31,sin((abs((abs(x))-(cos(x))))+(x)),10.593434683186512,14.481119523630598,12.069246267885935,5.822485207100592,6.0,10.59343468318651,3.1554436208840472e-30
364,200,26,sin((abs((abs(x))-(cos(x))))+(x)),10.593434683186512,17.758161747841726,33.64100470241042,5.775862068965517,6.0,10.59343468318651,3.1554436208840472e-30
365,200,22,sin((abs((abs(x))-(cos(x))))+(x)),10.593434683186512,16.119785325533925,20.304118773856025,5.747191011235955,6.0,10.59343468318651,3.1554436208840472e-30
366,200,25,sin((abs((abs(x))-(cos(x))))+(x)),10.593434683186512,15.030550182356814,15.043844007798688,5.771428571428571,6.0,10.59343468318651,3.1554436208840472e-30
367,200,26,sin((abs((abs(x))-(cos(x))))+(x)),10.593434683186512,14.199536642243574,14.04330074560333,5.879310344827586,6.0,10.59343468318651,3.1554436208840472e-30
368,200,32,sin((abs((abs(x))-(cos(x))))+(x)),10.593434683186512,15.987644307982809,21.27125093470315,5.857142857142857,6.0,10.59343468318651,3.1554436208840472e-30
369,200,37,sin((abs((abs(x))-(cos(x))))+(x)),10.593434683186512,13.54864008044111,8.803893418231977,5.846625766871166,6.0,10.59343468318651,3.1554436208840472e-30
370,200,31,sin((abs((abs(x))-(cos(x))))+(x)),10.593434683186512,16.95536518618501,25.470926841265722,5.78698224852071,6.0,10.59343468318651,3.1554436208840472e-30
371,200,28,sin((abs((abs(x))-(cos(x))))+(x)),10.593434683186512,14.136975411566054,11.291251894427807,5.761627906976744,6.0,10.59343468318651,3.1554436208840472e-30
372,200,28,sin((abs((abs(x))-(cos(x))))+(x)),10.593434683186512,14.119987055223236,10.564484246929196,5.843023255813954,6.0,10.59343468318651,3.1554436208840472e-30
373,200,32,sin((abs((abs(x))-(cos(x))))+(x)),10.593434683186512,16.694117935264718,26.916030957626024,5.720238095238095,6.0,10.59343468318651,3.1554436208840472e-30
374,200,32,sin((abs((abs(x))-(cos(x))))+(x)),10.593434683186512,14.93502433100719,12.003765752414138,5.666666666666667,6.0,10.59343468318651,3.1554436208840472e-30
375,200,29,sin((abs((abs(x))-(cos(x))))+(x)),10.593434683186512,32.60798752494481,226.02008246651747,5.8654970760233915,6.0,10.59343468318651,3.1554436208840472e-30
376,200,25,sin((abs((abs(x))-(cos(x))))+(x)),10.593434683186512,22.97932628753416,100.16423879616595,5.748571428571428,6.0,10.59343468318651,3.1554436208840472e-30
377,200,28,sin((abs((abs(x))-(cos(x))))+(x)),10.593434683186512,14.570908314358444,10.448745263594112,5.773255813953488,6.0,10.59343468318651,3.1554436208840472e-30
378,200,29,sin((abs((abs(x))-(cos(x))))+(x)),10.593434683186512,15.455144286427954,16.388541151492547,5.795321637426901,6.0,10.59343468318651,3.1554436208840472e-30
379,200,31,sin((abs((abs(x))-(cos(x))))+(x)),10.593434683186512,13.430691205137688,10.162786739802351,5.834319526627219,6.0,10.59343468318651,3.1554436208840472e-30
380,200,28,sin((abs((abs(x))-(cos(x))))+(x)),10.593434683186512,17.791350574911878,29.95820686138538,5.854651162790698,6.0,10.59343468318651,3.1554436208840472e-30
381,200,29,sin((abs((abs(x))-(cos(x))))+(x)),10.593434683186512,15.334803278751245,19.788085080482844,5.8011695906432745,6.0,10.59343468318651,3.1554436208840472e-30
382,200,26,sin((abs((abs(x))-(cos(x))))+(x)),10.593434683186512,17.642651270875618,23.82987637626107,5.839080459770115,6.0,10.59343468318651,3.1554436208840472e-30
383,200,31,sin((abs((abs(x))-(cos(x))))+(x)),10.593434683186512,14.474044454056324,15.015408686945648,5.893491124260355,6.0,10.59343468318651,3.1554436208840472e-30
384,200,23,sin((abs((abs(x))-(cos(x))))+(x)),10.593434683186512,19.635248100290788,57.48022778834329,5.7740112994350286,6.0,10.59343468318651,3.1554436208840472e-30
385,200,30,sin((abs((abs(x))-(cos(x))))+(x)),10.593434683186512,13.361903411148973,9.760830041461269,5.817647058823529,6.0,10.59343468318651,3.1554436208840472e-30
386,200,24,sin((abs((abs(x))-(cos(x))))+(x)),10.593434683186512,16.228215125382096,20.892986414499013,5.863636363636363,6.0,10.59343468318651,3.1554436208840472e-30
387,200,30,sin((abs((abs(x))-(cos(x))))+(x)),10.593434683186512,12.577855906281654,7.624870677305218,5.9,6.0,10.59343468318651,3.1554436208840472e-30
388,200,32,sin((abs((abs(x))-(cos(x))))+(x)),10.593434683186512,13.629471893766848,10.830072206442154,5.732142857142857,6.0,10.59343468318651,3.1554436208840472e-30
389,200,29,sin((abs((abs(x))-(cos(x))))+(x)),10.593434683186512,17.77539789259308,29.393599030240384,5.760233918128655,6.0,10.59343468318651,3.1554436208840472e-30
390,200,25,sin((abs((abs(x))-(cos(x))))+(x)),10.593434683186512,15.863234858990394,18.101427677682544,5.691428571428571,6.0,10.59343468318651,3.1554436208840472e-30
391,200,20,sin((abs((abs(x))-(cos(x))))+(x)),10.593434683186512,15.658928452866295,18.483855803644744,5.75,6.0,10.59343468318651,3.1554436208840472e-30
392,200,23,sin((abs((abs(x))-(cos(x))))+(x)),10.593434683186512,18.832158569941267,34.29241140065453,5.7175141242937855,6.0,10.59343468318651,3.1554436208840472e-30
393,200,27,sin((abs((abs(x))-(cos(x))))+(x)),10.593434683186512,15.805173083031926,17.006452134519865,5.658959537572255,6.0,10.59343468318651,3.1554436208840472e-30
394,200,27,sin((abs((abs(x))-(cos(x))))+(x)),10.593434683186512,15.828538914147332,17.306581247547644,5.658959537572255,6.0,10.59343468318651,3.1554436208840472e-30
395,200,31,sin((abs((abs(x))-(cos(x))))+(x)),10.593434683186512,15.549933633223118,14.543056087502242,5.769230769230769,6.0,10.59343468318651,3.1554436208840472e-30
396,200,26,sin((abs((abs(x))-(cos(x))))+(x)),10.593434683186512,20.410768377150845,44.18649232969945,5.752873563218391,6.0,10.59343468318651,3.1554436208840472e-30
397,200,29,sin((abs((abs(x))-(cos(x))))+(x)),10.593434683186512,19.969480939417878,46.50150579879541,5.771929824561403,6.0,10.59343468318651,3.1554436208840472e-30
398,200,28,sin((abs((abs(x))-(cos(x))))+(x)),10.593434683186512,16.920723456247117,26.707613405151363,5.819767441860465,6.0,10.59343468318651,3.1554436208840472e-30
399,200,26,sin((abs((abs(x))-(cos(x))))+(x)),10.593434683186512,15.629619266166097,15.895474430257,5.833333333333333,6.0,10.59343468318651,3.1554436208840472e-30
400,200,31,sin((abs((abs(x))-(cos(x))))+(x)),10.593434683186512,15.105629644470586,16.259144919900827,5.715976331360947,6.0,10.59343468318651,3.1554436208840472e-30
401,200,32,sin((abs((abs(x))-(cos(x))))+(x)),10.593434683186512,15.119794692326066,14.233305070386537,5.708333333333333,6.0,10.59343468318651,3.1554436208840472e-30
402,200,32,sin((abs((abs(x))-(cos(x))))+(x)),10.593434683186512,16.226184362748732,18.75587108414802,5.690476190476191,6.0,10.59343468318651,3.1554436208840472e-30
403,200,29,sin((abs((abs(x))-(cos(x))))+(x)),10.593434683186512,15.255943190545441,23.35839435293673,5.807017543859649,6.0,10.59343468318651,3.1554436208840472e-30
404,200,30,sin((abs((abs(x))-(cos(x))))+(x)),10.593434683186512,17.316486130019275,27.254811709933676,5.670588235294118,6.0,10.59343468318651,3.1554436208840472e-30
405,200,24,sin((abs((abs(x))-(cos(x))))+(x)),10.593434683186512,17.243940726886205,22.523078344535264,5.607954545454546,6.0,10.59343468318651,3.1554436208840472e-30
406,200,23,sin((abs((abs(x))-(cos(x))))+(x)),10.593434683186512,18.900054330457845,29.609428038309407,5.757062146892656,6.0,10.59343468318651,3.1554436208840472e-30
407,200,28,sin((abs((abs(x))-(cos(x))))+(x)),10.593434683186512,15.65126952591967,18.36160615197817,5.784883720930233,6.0,10.59343468318651,3.1554436208840472e-30
408,200,24,sin((abs((abs(x))-(cos(x))))+(x)),10.593434683186512,16.436102491715456,22.360245689776818,5.801136363636363,6.0,10.59343468318651,3.1554436208840472e-30
409,200,26,sin((abs((abs(x))-(cos(x))))+(x)),10.593434683186512,14.382167616344764,17.28815213875525,5.902298850574713,6.0,10.59343468318651,3.1554436208840472e-30
410,200,22,sin((abs((abs(x))-(cos(x))))+(x)),10.593434683186512,16.080806662412574,17.337377223884378,5.853932584269663,6.0,10.59343468318651,3.1554436208840472e-30
411,200,29,sin((abs((abs(x))-(cos(x))))+(x)),10.593434683186512,16.72688489294228,19.630228356655255,5.730994152046784,6.0,10.59343468318651,3.1554436208840472e-30
412,200,27,sin((abs((abs(x))-(cos(x))))+(x)),10.593434683186512,14.940341846673363,17.107420084022486,5.826589595375722,6.0,10.59343468318651,3.1554436208840472e-30
413,200,25,sin((abs((abs(x))-(cos(x))))+(x)),10.593434683186512,14.785625237842721,11.806209802859708,5.617142857142857,6.0,10.59343468318651,3.1554436208840472e-30
414,200,26,sin((abs((abs(x))-(cos(x))))+(x)),10.593434683186512,15.997826286632355,23.34792765993258,5.862068965517241,6.0,10.59343468318651,3.1554436208840472e-30
415,200,24,sin((abs((abs(x))-(cos(x))))+(x)),10.593434683186512,32.32307583233172,230.03840307455496,5.784090909090909,6.0,10.59343468318651,3.1554436208840472e-30
416,200,29,sin((abs((abs(x))-(cos(x))))+(x)),10.593434683186512,182.78378093810872,2197.109931613675,5.7894736842105265,6.0,10.59343468318651,3.1554436208840472e-30
417,200,27,sin((abs((abs(x))-(cos(x))))+(x)),10.593434683186512,16.711803982482408,26.177094751434286,5.763005780346821,6.0,10.59343468318651,3.1554436208840472e-30
418,200,36,sin((abs((abs(x))-(cos(x))))+(x)),10.593434683186512,12.84478361321635,9.31394550451051,5.817073170731708,6.0,10.59343468318651,3.1554436208840472e-30
419,200,27,sin((abs((abs(x))-(cos(x))))+(x)),10.593434683186512,14.372708429822678,14.65892644460466,5.809248554913295,6.0,10.59343468318651,3.1554436208840472e-30
420,200,31,sin((abs((abs(x))-(cos(x))))+(x)),10.593434683186512,14.16251179409103,15.286319526424899,5.881656804733728,6.0,10.59343468318651,3.1554436208840472e-30
421,200,28,sin((abs((abs(x))-(cos(x))))+(x)),10.593434683186512,14.939995302446581,17.57806952373675,5.627906976744186,6.0,10.59343468318651,3.1554436208840472e-30
422,200,25,sin((abs((abs(x))-(cos(x))))+(x)),10.593434683186512,16.447428221301152,19.611013185690165,5.777142857142858,6.0,10.59343468318651,3.1554436208840472e-30
423,200,32,sin((abs((abs(x))-(cos(x))))+(x)),10.593434683186512,13.858176823580825,10.3712602692498,5.809523809523809,6.0,10.59343468318651,3.1554436208840472e-30
424,200,25,sin((abs((abs(x))-(cos(x))))+(x)),10.593434683186512,14.722570185181118,11.431297949144753,5.6971428571428575,6.0,10.59343468318651,3.1554436208840472e-30
425,200,29,sin((abs((abs(x))-(cos(x))))+(x)),10.593434683186512,15.778277768389573,15.346039676809514,5.608187134502924,6.0,10.59343468318651,3.1554436208840472e-30
426,200,22,sin((abs((abs(x))-(cos(x))))+(x)),10.593434683186512,18.47700104034736,41.663190252856346,5.758426966292135,6.0,10.59343468318651,3.1554436208840472e-30
427,200,32,sin((abs((abs(x))-(cos(x))))+(x)),10.593434683186512,13.76268328717318,13.984374738559929,5.869047619047619,6.0,10.59343468318651,3.1554436208840472e-30
428,200,29,sin((abs((abs(x))-(cos(x))))+(x)),10.593434683186512,14.23269078881513,10.494833520394803,5.777777777777778,6.0,10.59343468318651,3.1554436208840472e-30
429,200,24,sin((abs((abs(x))-(cos(x))))+(x)),10.593434683186512,16.190003880707735,21.34490282423236,5.7727272727272725,6.0,10.59343468318651,3.1554436208840472e-30
430,200,30,sin((abs((abs(x))-(cos(x))))+(x)),10.593434683186512,15.185161220678546,20.883221278646527,5.858823529411764,6.0,10.59343468318651,3.1554436208840472e-30
431,200,29,sin((abs((abs(x))-(cos(x))))+(x)),10.593434683186512,14.853387418174808,17.627700071377173,5.824561403508772,6.0,10.59343468318651,3.1554436208840472e-30
432,200,29,sin((abs((abs(x))-(cos(x))))+(x)),10.593434683186512,15.516709081965988,19.368706149452727,5.847953216374269,6.0,10.59343468318651,3.1554436208840472e-30
433,200,24,sin((abs((abs(x))-(cos(x))))+(x)),10.593434683186512,14.955405171816336,13.09866121537414,5.75,6.0,10.59343468318651,3.1554436208840472e-30
434,200,20,sin((abs((abs(x))-(cos(x))))+(x)),10.593434683186512,17.3019778663067,26.39686509764027,5.655555555555556,6.0,10.59343468318651,3.1554436208840472e-30
435,200,33,sin((abs((abs(x))-(cos(x))))+(x)),10.593434683186512,14.748377431804064,17.362264629659137,5.838323353293413,6.0,10.59343468318651,3.1554436208840472e-30
436,200,28,sin((abs((abs(x))-(cos(x))))+(x)),10.593434683186512,13.193607017833951,9.16067793920545,5.77906976744186,6.0,10.59343468318651,3.1554436208840472e-30
437,200,30,sin((abs((abs(x))-(cos(x))))+(x)),10.593434683186512,17.53048740699662,42.43938316593499,5.876470588235295,6.0,10.59343468318651,3.1554436208840472e-30
438,200,29,sin((abs((abs(x))-(cos(x))))+(x)),10.593434683186512,14.53636586033844,10.472798149873158,5.654970760233918,6.0,10.59343468318651,3.1554436208840472e-30
439,200,29,sin((abs((abs(x))-(cos(x))))+(x)),10.593434683186512,19.243736399372953,55.376632856188685,5.906432748538012,6.0,10.59343468318651,3.1554436208840472e-30
440,200,27,sin((abs((abs(x))-(cos(x))))+(x)),10.593434683186512,17.1369927710048,29.808198390761444,5.809248554913295,6.0,10.59343468318651,3.1554436208840472e-30
441,200,26,sin((abs((abs(x))-(cos(x))))+(x)),10.593434683186512,16.033213592063422,17.502353661456908,5.793103448275862,6.0,10.59343468318651,3.1554436208840472e-30
442,200,27,sin((abs((abs(x))-(cos(x))))+(x)),10.593434683186512,15.190669057517018,15.822572813739214,5.872832369942197,6.0,10.59343468318651,3.1554436208840472e-30
443,200,31,sin((abs((abs(x))-(cos(x))))+(x)),10.593434683186512,18.326499524826506,46.435291209043655,5.810650887573964,6.0,10.59343468318651,3.1554436208840472e-30
444,200,28,sin((abs((abs(x))-(cos(x))))+(x)),10.593434683186512,16.131211005093846,24.612312360255792,5.825581395348837,6.0,10.59343468318651,3.1554436208840472e-30
445,200,33,sin((abs((abs(x))-(cos(x))))+(x)),10.593434683186512,14.614164158319955,19.889984096220793,5.8982035928143715,6.0,10.59343468318651,3.1554436208840472e-30
446,200,22,sin((abs((abs(x))-(cos(x))))+(x)),10.593434683186512,15.097324333861515,11.3157944712702,5.825842696629214,6.0,10.59343468318651,3.1554436208840472e-30
447,200,31,sin((abs((abs(x))-(cos(x))))+(x)),10.593434683186512,14.24208203413939,11.506339704396376,5.715976331360947,6.0,10.59343468318651,3.1554436208840472e-30
448,200,30,sin((abs((abs(x))-(cos(x))))+(x)),10.593434683186512,14.506762390302722,13.293554885903315,5.805882352941176,6.0,10.59343468318651,3.1554436208840472e-30
449,200,29,sin((abs((abs(x))-(cos(x))))+(x)),10.593434683186512,16.076195925325607,14.05975563838902,5.608187134502924,6.0,10.59343468318651,3.1554436208840472e-30
450,200,22,sin((abs((abs(x))-(cos(x))))+(x)),10.593434683186512,15.486628431917307,16.883601509021936,5.707865168539326,6.0,10.59343468318651,3.1554436208840472e-30
451,200,29,sin((abs((abs(x))-(cos(x))))+(x)),10.593434683186512,14.553922844669914,10.342239782285379,5.900584795321637,6.0,10.59343468318651,3.1554436208840472e-30
452,200,26,sin((abs((abs(x))-(cos(x))))+(x)),10.593434683186512,14.979829905127762,15.900420686273632,5.850574712643678,6.0,10.59343468318651,3.1554436208840472e-30
453,200,32,sin((abs((abs(x))-(cos(x))))+(x)),10.593434683186512,12.911371442751923,8.157050584933842,5.8273809523809526,6.0,10.59343468318651,3.1554436208840472e-30
454,200,22,sin((abs((abs(x))-(cos(x))))+(x)),10.593434683186512,31.785804630089785,227.92466718542374,5.775280898876405,6.0,10.59343468318651,3.1554436208840472e-30
455,200,21,sin((abs((abs(x))-(cos(x))))+(x)),10.593434683186512,13.888674022061046,10.551369667587348,5.726256983240224,6.0,10.59343468318651,3.1554436208840472e-30
456,200,26,sin((abs((abs(x))-(cos(x))))+(x)),10.593434683186512,16.133990467888893,20.13551679184414,5.839080459770115,6.0,10.59343468318651,3.1554436208840472e-30
457,200,31,sin((abs((abs(x))-(cos(x))))+(x)),10.593434683186512,13.902020574490749,9.738249919950782,5.828402366863905,6.0,10.59343468318651,3.1554436208840472e-30
458,200,27,sin((abs((abs(x))-(cos(x))))+(x)),10.593434683186512,18.439772651710694,41.38492050813022,5.7398843930635834,6.0,10.59343468318651,3.1554436208840472e-30
459,200,22,sin((abs((abs(x))-(cos(x))))+(x)),10.593434683186512,20.95975324280568,41.92115405084039,5.730337078651686,6.0,10.59343468318651,3.1554436208840472e-30
460,200,33,sin((abs((abs(x))-(cos(x))))+(x)),10.593434683186512,13.867801117193082,14.628740430319507,5.880239520958084,6.0,10.59343468318651,3.1554436208840472e-30
461,200,27,sin((abs((abs(x))-(cos(x))))+(x)),10.593434683186512,13.670050552163014,9.457076445609585,5.7514450867052025,6.0,10.59343468318651,3.1554436208840472e-30
462,200,36,sin((abs((abs(x))-(cos(x))))+(x)),10.593434683186512,13.47388677239782,14.74032547593199,5.884146341463414,6.0,10.59343468318651,3.1554436208840472e-30
463,200,29,sin((abs((abs(x))-(cos(x))))+(x)),10.593434683186512,15.043983167940961,13.125754666790352,5.783625730994152,6.0,10.59343468318651,3.1554436208840472e-30
464,200,28,sin((abs((abs(x))-(cos(x))))+(x)),10.593434683186512,40.944766207309165,321.12849512773533,5.843023255813954,6.0,10.59343468318651,3.1554436208840472e-30
465,200,28,sin((abs((abs(x))-(cos(x))))+(x)),10.593434683186512,17.128284254657427,28.02842474842945,5.843023255813954,6.0,10.59343468318651,3.1554436208840472e-30
466,200,24,sin((abs((abs(x))-(cos(x))))+(x)),10.593434683186512,19.916617808748057,44.73398687005484,5.767045454545454,6.0,10.59343468318651,3.1554436208840472e-30
467,200,33,sin((abs((abs(x))-(cos(x))))+(x)),10.593434683186512,15.249356696486021,13.888060291766413,5.736526946107785,6.0,10.59343468318651,3.1554436208840472e-30
468,200,30,sin((abs((abs(x))-(cos(x))))+(x)),10.593434683186512,15.141958688682067,14.212424804881941,5.705882352941177,6.0,10.59343468318651,3.1554436208840472e-30
469,200,27,sin((abs((abs(x))-(cos(x))))+(x)),10.593434683186512,17.23762453129553,25.58346567252829,5.705202312138728,6.0,10.59343468318651,3.1554436208840472e-30
470,200,31,sin((abs((abs(x))-(cos(x))))+(x)),10.593434683186512,15.813922935133492,20.390343534662968,5.727810650887574,6.0,10.59343468318651,3.1554436208840472e-30
471,200,32,sin((abs((abs(x))-(cos(x))))+(x)),10.593434683186512,14.608411599550143,18.477284939520647,5.75,6.0,10.59343468318651,3.1554436208840472e-30
472,200,25,sin((abs((abs(x))-(cos(x))))+(x)),10.593434683186512,15.695125446981802,18.46372968698848,5.725714285714286,6.0,10.59343468318651,3.1554436208840472e-30
473,200,30,sin((abs((abs(x))-(cos(x))))+(x)),10.593434683186512,20.912317429901957,77.93735811076237,5.776470588235294,6.0,10.59343468318651,3.1554436208840472e-30
474,200,35,sin((abs((abs(x))-(cos(x))))+(x)),10.593434683186512,14.149479985072654,14.231085057914731,5.848484848484849,6.0,10.59343468318651,3.1554436208840472e-30
475,200,19,sin((abs((abs(x))-(cos(x))))+(x)),10.593434683186512,15.86851858191793,21.59285237927229,5.7845303867403315,6.0,10.59343468318651,3.1554436208840472e-30
476,200,29,sin((abs((abs(x))-(cos(x))))+(x)),10.593434683186512,14.515254549308388,14.979119026395523,5.906432748538012,6.0,10.59343468318651,3.1554436208840472e-30
477,200,25,sin((abs((abs(x))-(cos(x))))+(x)),10.593434683186512,14.303850577842379,10.526738404482277,5.765714285714286,6.0,10.59343468318651,3.1554436208840472e-30
478,200,29,sin((abs((abs(x))-(cos(x))))+(x)),10.593434683186512,17.961514394787173,29.778547525184006,5.783625730994152,6.0,10.59343468318651,3.1554436208840472e-30
479,200,32,sin((abs((abs(x))-(cos(x))))+(x)),10.593434683186512,15.06852707471431,16.97504429472325,5.785714285714286,6.0,10.59343468318651,3.1554436208840472e-30
480,200,32,sin((abs((abs(x))-(cos(x))))+(x)),10.593434683186512,14.837806413447598,15.61914184854465,5.755952380952381,6.0,10.59343468318651,3.1554436208840472e-30
481,200,28,sin((abs((abs(x))-(cos(x))))+(x)),10.593434683186512,15.028145918096497,14.304211978080724,5.715116279069767,6.0,10.59343468318651,3.1554436208840472e-30
482,200,30,sin((abs((abs(x))-(cos(x))))+(x)),10.593434683186512,15.47973845683079,20.36794672592925,5.758823529411765,6.0,10.59343468318651,3.1554436208840472e-30
483,200,32,sin((abs((abs(x))-(cos(x))))+(x)),10.593434683186512,13.920317629004014,10.99473266059955,5.803571428571429,6.0,10.59343468318651,3.1554436208840472e-30
484,200,31,sin((abs((abs(x))-(cos(x))))+(x)),10.593434683186512,14.835531859890262,15.6055986884933,5.840236686390533,6.0,10.59343468318651,3.1554436208840472e-30
485,200,26,sin((abs((abs(x))-(cos(x))))+(x)),10.593434683186512,14.85177445210634,15.102051691792884,5.764367816091954,6.0,10.59343468318651,3.1554436208840472e-30
486,200,29,sin((abs((abs(x))-(cos(x))))+(x)),10.593434683186512,17.14141217655709,33.14669706096031,5.754385964912281,6.0,10.59343468318651,3.1554436208840472e-30
487,200,23,sin((abs((abs(x))-(cos(x))))+(x)),10.593434683186512,15.4908484326251,12.83517396095479,5.672316384180791,6.0,10.59343468318651,3.1554436208840472e-30
488,200,30,sin((abs((abs(x))-(cos(x))))+(x)),10.593434683186512,13.076983540327838,8.437534312015693,5.8352941176470585,6.0,10.59343468318651,3.1554436208840472e-30
489,200,29,sin((abs((abs(x))-(cos(x))))+(x)),10.593434683186512,15.862759640744663,17.608899160152564,5.871345029239766,6.0,10.59343468318651,3.1554436208840472e-30
490,200,30,sin((abs((abs(x))-(cos(x))))+(x)),10.593434683186512,14.85278646614787,15.777547463081909,5.841176470588235,6.0,10.59343468318651,3.1554436208840472e-30
491,200,25,sin((abs((abs(x))-(cos(x))))+(x)),10.593434683186512,17.7114535461501,27.595463285050112,5.68,6.0,10.59343468318651,3.1554436208840472e-30
492,200,26,sin((abs((abs(x))-(cos(x))))+(x)),10.593434683186512,17.536278791558974,33.49291859039999,5.626436781609195,6.0,10.59343468318651,3.1554436208840472e-30
493,200,20,sin((abs((abs(x))-(cos(x))))+(x)),10.593434683186512,17.007128673660027,25.777813683063165,5.722222222222222,6.0,10.59343468318651,3.1554436208840472e-30
494,200,33,sin((abs((abs(x))-(cos(x))))+(x)),10.593434683186512,14.508832763242763,15.111343772337673,5.8562874251497,6.0,10.59343468318651,3.1554436208840472e-30
495,200,29,sin((abs((abs(x))-(cos(x))))+(x)),10.593434683186512,15.577056712413281,23.455810048233694,5.842105263157895,6.0,10.59343468318651,3.1554436208840472e-30
496,200,30,sin((abs((abs(x))-(cos(x))))+(x)),10.593434683186512,14.38492415140238,14.803443415718203,5.864705882352941,6.0,10.59343468318651,3.1554436208840472e-30
497,200,28,sin((abs((abs(x))-(cos(x))))+(x)),10.593434683186512,16.455295651757663,24.303594260230323,5.726744186046512,6.0,10.59343468318651,3.1554436208840472e-30
498,200,27,sin((abs((abs(x))-(cos(x))))+(x)),10.593434683186512,13.733689853309839,10.929909774088262,5.803468208092486,6.0,10.59343468318651,3.1554436208840472e-30
499,200,31,sin((abs((abs(x))-(cos(x))))+(x)),10.593434683186512,15.289864920732256,21.43701197359908,5.745562130177515,6.0,10.59343468318651,3.1554436208840472e-30
500,200,23,sin((abs((abs(x))-(cos(x))))+(x)),10.593434683186512,15.561361128335946,17.948580842037863,5.740112994350283,6.0,10.59343468318651,3.1554436208840472e-30
501,200,31,sin((abs((abs(x))-(cos(x))))+(x)),10.593434683186512,13.217359544349934,8.575139204357045,5.905325443786983,6.0,10.59343468318651,3.1554436208840472e-30
502,200,22,sin((abs((abs(x))-(cos(x))))+(x)),10.593434683186512,19.834964280812027,60.703952799852104,5.775280898876405,6.0,10.59343468318651,3.1554436208840472e-30
503,200,34,sin((abs((abs(x))-(cos(x))))+(x)),10.593434683186512,20.839321280916963,97.24533202328365,5.933734939759036,6.0,10.59343468318651,3.1554436208840472e-30
504,200,31,sin((abs((abs(x))-(cos(x))))+(x)),10.593434683186512,15.008229817498291,20.52022376111794,5.893491124260355,6.0,10.59343468318651,3.1554436208840472e-30
505,200,23,sin((abs((abs(x))-(cos(x))))+(x)),10.593434683186512,16.401457223513017,21.021590681912397,5.7740112994350286,6.0,10.59343468318651,3.1554436208840472e-30
506,200,23,sin((abs((abs(x))-(cos(x))))+(x)),10.593434683186512,18.251067995621284,32.96500608306023,5.757062146892656,6.0,10.59343468318651,3.1554436208840472e-30
507,200,32,sin((abs((abs(x))-(cos(x))))+(x)),10.593434683186512,12.702237491452703,8.347109904767146,5.934523809523809,6.0,10.59343468318651,3.1554436208840472e-30
508,200,30,sin((abs((abs(x))-(cos(x))))+(x)),10.593434683186512,12.755537969871824,8.17723551549335,5.8882352941176475,6.0,10.59343468318651,3.1554436208840472e-30
509,200,30,sin((abs((abs(x))-(cos(x))))+(x)),10.593434683186512,14.945696921121343,16.483658352946247,5.935294117647059,6.0,10.59343468318651,3.1554436208840472e-30
510,200,27,sin((abs((abs(x))-(cos(x))))+(x)),10.593434683186512,14.96205775855986,12.360070099999149,5.745664739884393,6.0,10.59343468318651,3.1554436208840472e-30
511,200,31,sin((abs((abs(x))-(cos(x))))+(x)),10.593434683186512,15.237043526775727,13.283380546781641,5.6923076923076925,6.0,10.59343468318651,3.1554436208840472e-30
512,200,28,sin((abs((abs(x))-(cos(x))))+(x)),10.593434683186512,137.78709134242297,1602.5548362347827,5.75,6.0,10.59343468318651,3.1554436208840472e-30
513,200,30,sin((abs((abs(x))-(cos(x))))+(x)),10.593434683186512,17.31680735425902,26.34486377211562,5.723529411764706,6.0,10.59343468318651,3.1554436208840472e-30
514,200,26,sin((abs((abs(x))-(cos(x))))+(x)),10.593434683186512,15.953657176364992,19.76807127088101,5.793103448275862,6.0,10.59343468318651,3.1554436208840472e-30
515,200,30,sin((abs((abs(x))-(cos(x))))+(x)),10.593434683186512,17.386526208554983,27.066896445125828,5.7176470588235295,6.0,10.59343468318651,3.1554436208840472e-30
516,200,25,sin((abs((abs(x))-(cos(x))))+(x)),10.593434683186512,15.995924376012761,21.448763696540425,5.64,6.0,10.59343468318651,3.1554436208840472e-30
517,200,21,sin((abs((abs(x))-(cos(x))))+(x)),10.593434683186512,14.47515951569367,11.209303483850322,5.681564245810056,6.0,10.59343468318651,3.1554436208840472e-30
518,200,29,sin((abs((abs(x))-(cos(x))))+(x)),10.593434683186512,18.078173234182753,41.9974986834357,5.7368421052631575,6.0,10.59343468318651,3.1554436208840472e-30
519,200,31,sin((abs((abs(x))-(cos(x))))+(x)),10.593434683186512,14.439031956767442,17.030306123128756,5.775147928994083,6.0,10.59343468318651,3.1554436208840472e-30
520,200,20,sin((abs((abs(x))-(cos(x))))+(x)),10.593434683186512,15.204609163662022,15.953147454392491,5.716666666666667,6.0,10.59343468318651,3.1554436208840472e-30
521,200,32,sin((abs((abs(x))-(cos(x))))+(x)),10.593434683186512,17.810890536322624,29.186249677920557,5.904761904761905,6.0,10.59343468318651,3.1554436208840472e-30
522,200,31,sin((abs((abs(x))-(cos(x))))+(x)),10.593434683186512,14.910651085183181,18.900151386135782,5.93491124260355,6.0,10.59343468318651,3.1554436208840472e-30
523,200,28,sin((abs((abs(x))-(cos(x))))+(x)),10.593434683186512,13.885864114124788,11.888612334362431,5.854651162790698,6.0,10.59343468318651,3.1554436208840472e-30
524,200,23,sin((abs((abs(x))-(cos(x))))+(x)),10.593434683186512,15.338609713824885,16.696346425605572,5.88135593220339,6.0,10.59343468318651,3.1554436208840472e-30
525,200,32,sin((abs((abs(x))-(cos(x))))+(x)),10.593434683186512,13.873068948805791,14.285732939941148,5.839285714285714,6.0,10.59343468318651,3.1554436208840472e-30
526,200,25,sin((abs((abs(x))-(cos(x))))+(x)),10.593434683186512,14.84111433194937,11.138199441132462,5.72,6.0,10.59343468318651,3.1554436208840472e-30
527,200,25,sin((abs((abs(x))-(cos(x))))+(x)),10.593434683186512,15.404201623457196,15.85390709779067,5.605714285714286,6.0,10.59343468318651,3.1554436208840472e-30
528,200,26,sin((abs((abs(x))-(cos(x))))+(x)),10.593434683186512,16.5986804964024,20.77838187614062,5.7011494252873565,6.0,10.59343468318651,3.1554436208840472e-30
529,200,27,sin((abs((abs(x))-(cos(x))))+(x)),10.593434683186512,20.147709854172827,43.34941280094677,5.832369942196531,6.0,10.59343468318651,3.1554436208840472e-30
530,200,28,sin((abs((abs(x))-(cos(x))))+(x)),10.593434683186512,17.993548201316948,30.24446469474152,5.895348837209302,6.0,10.59343468318651,3.1554436208840472e-30
531,200,27,sin((abs((abs(x))-(cos(x))))+(x)),10.593434683186512,15.346250255423795,16.34015750246724,5.815028901734104,6.0,10.59343468318651,3.1554436208840472e-30
532,200,28,sin((abs((abs(x))-(cos(x))))+(x)),10.593434683186512,15.153031044231414,16.526115173661058,5.790697674418604,6.0,10.59343468318651,3.1554436208840472e-30
533,200,26,sin((abs((abs(x))-(cos(x))))+(x)),10.593434683186512,21.484062862417975,64.27999362743046,5.660919540229885,6.0,10.59343468318651,3.1554436208840472e-30
534,200,29,sin((abs((abs(x))-(cos(x))))+(x)),10.593434683186512,15.716139776378249,16.984821949396704,5.771929824561403,6.0,10.59343468318651,3.1554436208840472e-30
535,200,32,sin((abs((abs(x))-(cos(x))))+(x)),10.593434683186512,15.825680404908207,22.157071953797974,5.821428571428571,6.0,10.59343468318651,3.1554436208840472e-30
536,200,29,sin((abs((abs(x))-(cos(x))))+(x)),10.593434683186512,15.231119527051419,26.972709451153435,5.912280701754386,6.0,10.59343468318651,3.1554436208840472e-30
537,200,29,sin((abs((abs(x))-(cos(x))))+(x)),10.593434683186512,16.954628223206342,25.75779723584704,5.83625730994152,6.0,10.59343468318651,3.1554436208840472e-30
538,200,22,sin((abs((abs(x))-(cos(x))))+(x)),10.593434683186512,15.491273449060852,17.305760218708148,5.730337078651686,6.0,10.59343468318651,3.1554436208840472e-30
539,200,32,sin((abs((abs(x))-(cos(x))))+(x)),10.593434683186512,12.938081880769712,8.753593764529212,5.815476190476191,6.0,10.59343468318651,3.1554436208840472e-30
540,200,32,sin((abs((abs(x))-(cos(x))))+(x)),10.593434683186512,13.822688559249693,14.341090365014276,5.863095238095238,6.0,10.59343468318651,3.1554436208840472e-30
541,200,35,sin((abs((abs(x))-(cos(x))))+(x)),10.593434683186512,13.662757702983981,9.197200914012575,5.763636363636364,6.0,10.59343468318651,3.1554436208840472e-30
542,200,37,sin((abs((abs(x))-(cos(x))))+(x)),10.593434683186512,12.735704292161449,8.559522230810606,5.846625766871166,6.0,10.59343468318651,3.1554436208840472e-30
543,200,25,sin((abs((abs(x))-(cos(x))))+(x)),10.593434683186512,15.986279200069093,17.193747231450967,5.731428571428571,6.0,10.59343468318651,3.1554436208840472e-30
544,200,24,sin((abs((abs(x))-(cos(x))))+(x)),10.593434683186512,14.703231088749618,10.936923004257585,5.778409090909091,6.0,10.59343468318651,3.1554436208840472e-30
545,200,31,sin((abs((abs(x))-(cos(x))))+(x)),10.593434683186512,13.480566484581507,9.498916601149332,5.739644970414201,6.0,10.59343468318651,3.1554436208840472e-30
546,200,25,sin((abs((abs(x))-(cos(x))))+(x)),10.593434683186512,15.542469299209591,16.73795159764542,5.691428571428571,6.0,10.59343468318651,3.1554436208840472e-30
547,200,32,sin((abs((abs(x))-(cos(x))))+(x)),10.593434683186512,14.3426976280797,13.144164364136426,5.767857142857143,6.0,10.59343468318651,3.1554436208840472e-30
548,200,23,sin((abs((abs(x))-(cos(x))))+(x)),10.593434683186512,14.427174587727151,11.481216639483858,5.790960451977401,6.0,10.59343468318651,3.1554436208840472e-30
549,200,29,sin((abs((abs(x))-(cos(x))))+(x)),10.593434683186512,13.85096217873163,10.406362761668614,5.777777777777778,6.0,10.59343468318651,3.1554436208840472e-30
550,200,32,sin((abs((abs(x))-(cos(x))))+(x)),10.593434683186512,13.455193968823277,9.056858695022397,5.904761904761905,6.0,10.59343468318651,3.1554436208840472e-30
551,200,28,sin((abs((abs(x))-(cos(x))))+(x)),10.593434683186512,13.965341184957717,10.334122608826384,5.796511627906977,6.0,10.59343468318651,3.1554436208840472e-30
552,200,31,sin((abs((abs(x))-(cos(x))))+(x)),10.593434683186512,17.218995065090013,29.032472461800182,5.804733727810651,6.0,10.59343468318651,3.1554436208840472e-30
553,200,25,sin((abs((abs(x))-(cos(x))))+(x)),10.593434683186512,14.42493224786679,10.58980546958849,5.777142857142858,6.0,10.59343468318651,3.1554436208840472e-30
554,200,25,sin((abs((abs(x))-(cos(x))))+(x)),10.593434683186512,14.439858458005155,16.12136594019981,5.857142857142857,6.0,10.59343468318651,3.1554436208840472e-30
555,200,30,sin((abs((abs(x))-(cos(x))))+(x)),10.593434683186512,15.796825169478847,17.641280185389792,5.658823529411765,6.0,10.59343468318651,3.1554436208840472e-30
556,200,30,sin((abs((abs(x))-(cos(x))))+(x)),10.593434683186512,15.583508025532273,19.70574359145904,5.858823529411764,6.0,10.59343468318651,3.1554436208840472e-30
557,200,32,sin((abs((abs(x))-(cos(x))))+(x)),10.593434683186512,16.138687832972604,18.99275617200612,5.904761904761905,6.0,10.59343468318651,3.1554436208840472e-30
558,200,26,sin((abs((abs(x))-(cos(x))))+(x)),10.593434683186512,15.389594692427025,17.893424755384654,5.712643678160919,6.0,10.59343468318651,3.1554436208840472e-30
559,200,25,sin((abs((abs(x))-(cos(x))))+(x)),10.593434683186512,16.436161305387788,19.6174469339595,5.731428571428571,6.0,10.59343468318651,3.1554436208840472e-30
560,200,33,sin((abs((abs(x))-(cos(x))))+(x)),10.593434683186512,14.657393875906077,11.156294139807693,5.766467065868263,6.0,10.59343468318651,3.1554436208840472e-30
561,200,36,sin((abs((abs(x))-(cos(x))))+(x)),10.593434683186512,12.91083042644568,7.924152897993218,5.920731707317073,6.0,10.59343468318651,3.1554436208840472e-30
562,200,31,sin((abs((abs(x))-(cos(x))))+(x)),10.593434683186512,13.86259529548125,9.898764778010818,5.8579881656804735,6.0,10.59343468318651,3.1554436208840472e-30
563,200,21,sin((abs((abs(x))-(cos(x))))+(x)),10.593434683186512,19.46430053190181,41.34810698505406,5.737430167597766,6.0,10.59343468318651,3.1554436208840472e-30
564,200,24,sin((abs((abs(x))-(cos(x))))+(x)),10.593434683186512,15.73417579932317,19.569531258026462,5.784090909090909,6.0,10.59343468318651,3.1554436208840472e-30
565,200,19,sin((abs((abs(x))-(cos(x))))+(x)),10.593434683186512,17.22862777061137,23.595980176305435,5.745856353591161,6.0,10.59343468318651,3.1554436208840472e-30
566,200,32,sin((abs((abs(x))-(cos(x))))+(x)),10.593434683186512,14.106972111489014,10.889333859145031,5.779761904761905,6.0,10.59343468318651,3.1554436208840472e-30
567,200,35,sin((abs((abs(x))-(cos(x))))+(x)),10.593434683186512,14.677012138546392,15.019663122379562,5.709090909090909,6.0,10.59343468318651,3.1554436208840472e-30
568,200,31,sin((abs((abs(x))-(cos(x))))+(x)),10.593434683186512,13.390697144095098,9.627042161349044,5.78698224852071,6.0,10.59343468318651,3.1554436208840472e-30
569,200,29,sin((abs((abs(x))-(cos(x))))+(x)),10.593434683186512,32.76151474777739,233.4387143922567,5.777777777777778,6.0,10.59343468318651,3.1554436208840472e-30
570,200,34,sin((abs((abs(x))-(cos(x))))+(x)),10.593434683186512,15.573843939300211,21.5195913645124,5.783132530120482,6.0,10.59343468318651,3.1554436208840472e-30
571,200,21,sin((abs((abs(x))-(cos(x))))+(x)),10.593434683186512,16.27957745549384,22.09250137663249,5.692737430167598,6.0,10.59343468318651,3.1554436208840472e-30
572,200,26,sin((abs((abs(x))-(cos(x))))+(x)),10.593434683186512,16.810786526799205,29.241101782677795,5.793103448275862,6.0,10.59343468318651,3.1554436208840472e-30
573,200,18,sin((abs((abs(x))-(cos(x))))+(x)),10.593434683186512,15.860289564797336,16.5941636509923,5.681318681318682,6.0,10.59343468318651,3.1554436208840472e-30
574,200,27,sin((abs((abs(x))-(cos(x))))+(x)),10.593434683186512,14.063447379060959,14.297968683561473,5.803468208092486,6.0,10.59343468318651,3.1554436208840472e-30
575,200,29,sin((abs((abs(x))-(cos(x))))+(x)),10.593434683186512,16.891163326135057,30.387431757689562,5.87719298245614,6.0,10.59343468318651,3.1554436208840472e-30
576,200,21,sin((abs((abs(x))-(cos(x))))+(x)),10.593434683186512,16.036207929739263,20.04338280632884,5.709497206703911,6.0,10.59343468318651,3.1554436208840472e-30
577,200,25,sin((abs((abs(x))-(cos(x))))+(x)),10.593434683186512,13.868247177407175,10.334918122801888,5.76,6.0,10.59343468318651,3.1554436208840472e-30
578,200,27,sin((abs((abs(x))-(cos(x))))+(x)),10.593434683186512,16.061883713071477,19.19054617963802,5.69364161849711,6.0,10.59343468318651,3.1554436208840472e-30
579,200,26,sin((abs((abs(x))-(cos(x))))+(x)),10.593434683186512,15.688786752546454,16.697688856123442,5.672413793103448,6.0,10.59343468318651,3.1554436208840472e-30
580,200,26,sin((abs((abs(x))-(cos(x))))+(x)),10.593434683186512,17.64241603775741,26.943122597645726,5.64367816091954,6.0,10.59343468318651,3.1554436208840472e-30
581,200,31,sin((abs((abs(x))-(cos(x))))+(x)),10.593434683186512,16.982662784309618,32.24333432528048,5.834319526627219,6.0,10.59343468318651,3.1554436208840472e-30
582,200,32,sin((abs((abs(x))-(cos(x))))+(x)),10.593434683186512,14.887771003239044,18.598050139494234,5.851190476190476,6.0,10.59343468318651,3.1554436208840472e-30
583,200,27,sin((abs((abs(x))-(cos(x))))+(x)),10.593434683186512,15.706453253451757,18.87356240845219,5.832369942196531,6.0,10.59343468318651,3.1554436208840472e-30
584,200,27,sin((abs((abs(x))-(cos(x))))+(x)),10.593434683186512,15.463101517496563,19.017188609717426,5.815028901734104,6.0,10.59343468318651,3.1554436208840472e-30
585,200,21,sin((abs((abs(x))-(cos(x))))+(x)),10.593434683186512,18.00630361028734,36.442163959927264,5.782122905027933,6.0,10.59343468318651,3.1554436208840472e-30
586,200,19,sin((abs((abs(x))-(cos(x))))+(x)),10.593434683186512,17.02709215139819,21.402227579744853,5.712707182320442,6.0,10.59343468318651,3.1554436208840472e-30
587,200,36,sin((abs((abs(x))-(cos(x))))+(x)),10.593434683186512,17.021779574668678,41.765908079793455,5.914634146341464,6.0,10.59343468318651,3.1554436208840472e-30
588,200,28,sin((abs((abs(x))-(cos(x))))+(x)),10.593434683186512,14.940226581915626,15.883208713260654,5.715116279069767,6.0,10.59343468318651,3.1554436208840472e-30
589,200,31,sin((abs((abs(x))-(cos(x))))+(x)),10.593434683186512,15.373869847231388,17.467214020142645,5.863905325443787,6.0,10.59343468318651,3.1554436208840472e-30
590,200,26,sin((abs((abs(x))-(cos(x))))+(x)),10.593434683186512,14.436805368281457,14.792212298827906,5.724137931034483,6.0,10.59343468318651,3.1554436208840472e-30
591,200,32,sin((abs((abs(x))-(cos(x))))+(x)),10.593434683186512,14.716128910255772,17.334683694412572,5.7976190476190474,6.0,10.59343468318651,3.1554436208840472e-30
592,200,28,sin((abs((abs(x))-(cos(x))))+(x)),10.593434683186512,17.91892271945627,38.21518452656921,5.883720930232558,6.0,10.59343468318651,3.1554436208840472e-30
593,200,33,sin((abs((abs(x))-(cos(x))))+(x)),10.593434683186512,14.029276279027595,14.040023739158013,5.820359281437126,6.0,10.59343468318651,3.1554436208840472e-30
594,200,34,sin((abs((abs(x))-(cos(x))))+(x)),10.593434683186512,13.390745148355757,10.139700004553795,5.795180722891566,6.0,10.59343468318651,3.1554436208840472e-30
595,200,28,sin((abs((abs(x))-(cos(x))))+(x)),10.593434683186512,15.984945102258964,23.706044555530845,5.715116279069767,6.0,10.59343468318651,3.1554436208840472e-30
596,200,25,sin((abs((abs(x))-(cos(x))))+(x)),10.593434683186512,19.088739673304456,41.73722720052018,5.8342857142857145,6.0,10.59343468318651,3.1554436208840472e-30
597,200,22,sin((abs((abs(x))-(cos(x))))+(x)),10.593434683186512,18.148089295045654,26.6794794931463,5.775280898876405,6.0,10.59343468318651,3.1554436208840472e-30
598,200,29,sin((abs((abs(x))-(cos(x))))+(x)),10.593434683186512,16.876879638484798,28.19488960093718,5.818713450292398,6.0,10.59343468318651,3.1554436208840472e-30
599,200,29,sin((abs((abs(x))-(cos(x))))+(x)),10.593434683186512,15.0557715045518,17.090058063038697,5.748538011695906,6.0,10.59343468318651,3.1554436208840472e-30
600,200,24,sin((abs((abs(x))-(cos(x))))+(x)),10.593434683186512,33.057676815796476,230.9122536895312,5.676136363636363,6.0,10.59343468318651,3.1554436208840472e-30
601,200,27,sin((abs((abs(x))-(cos(x))))+(x)),10.593434683186512,14.794318486139625,10.965870880779052,5.699421965317919,6.0,10.59343468318651,3.1554436208840472e-30
602,200,25,sin((abs((abs(x))-(cos(x))))+(x)),10.593434683186512,16.28447136468273,23.705271728072763,5.8742857142857146,6.0,10.59343468318651,3.1554436208840472e-30
603,200,29,sin((abs((abs(x))-(cos(x))))+(x)),10.593434683186512,13.71639113870412,9.03269024456536,5.83625730994152,6.0,10.59343468318651,3.1554436208840472e-30
604,200,29,sin((abs((abs(x))-(cos(x))))+(x)),10.593434683186512,17.185514108124245,27.440937164917774,5.6608187134502925,6.0,10.59343468318651,3.1554436208840472e-30
605,200,25,sin((abs((abs(x))-(cos(x))))+(x)),10.593434683186512,33.09655191479912,231.04695771178345,5.742857142857143,6.0,10.59343468318651,3.1554436208840472e-30
606,200,30,sin((abs((abs(x))-(cos(x))))+(x)),10.593434683186512,14.654245993771912,15.2184914091459,5.829411764705882,6.0,10.59343468318651,3.1554436208840472e-30
607,200,25,sin((abs((abs(x))-(cos(x))))+(x)),10.593434683186512,18.361798249485663,25.65864382598162,5.691428571428571,6.0,10.59343468318651,3.1554436208840472e-30
608,200,21,sin((abs((abs(x))-(cos(x))))+(x)),10.593434683186512,20.220908030233502,42.42736055076589,5.748603351955308,6.0,10.59343468318651,3.1554436208840472e-30
609,200,22,sin((abs((abs(x))-(cos(x))))+(x)),10.593434683186512,16.873858078164407,24.617672979775673,5.730337078651686,6.0,10.59343468318651,3.1554436208840472e-30
610,200,26,sin((abs((abs(x))-(cos(x))))+(x)),10.593434683186512,14.690721824566577,10.885307271422079,5.7988505747126435,6.0,10.59343468318651,3.1554436208840472e-30
611,200,26,sin((abs((abs(x))-(cos(x))))+(x)),10.593434683186512,14.492887484461656,11.349225254523265,5.718390804597701,6.0,10.59343468318651,3.1554436208840472e-30
612,200,26,sin((abs((abs(x))-(cos(x))))+(x)),10.593434683186512,18.451205210764243,42.077000573197544,5.695402298850575,6.0,10.59343468318651,3.1554436208840472e-30
613,200,28,sin((abs((abs(x))-(cos(x))))+(x)),10.593434683186512,15.07965659321682,19.01919639793357,5.848837209302325,6.0,10.59343468318651,3.1554436208840472e-30
614,200,22,sin((abs((abs(x))-(cos(x))))+(x)),10.593434683186512,17.255000336403043,26.28180690787972,5.758426966292135,6.0,10.59343468318651,3.1554436208840472e-30
615,200,29,sin((abs((abs(x))-(cos(x))))+(x)),10.593434683186512,14.078597991260798,16.26423011181268,5.918128654970761,6.0,10.59343468318651,3.1554436208840472e-30
616,200,31,sin((abs((abs(x))-(cos(x))))+(x)),10.593434683186512,14.907896080459786,17.507152659851066,5.757396449704142,6.0,10.59343468318651,3.1554436208840472e-30
617,200,25,sin((abs((abs(x))-(cos(x))))+(x)),10.593434683186512,16.704537442996788,21.471956789853543,5.708571428571428,6.0,10.59343468318651,3.1554436208840472e-30
618,200,26,sin((abs((abs(x))-(cos(x))))+(x)),10.593434683186512,14.96653280952843,12.029571860368549,5.683908045977011,6.0,10.59343468318651,3.1554436208840472e-30
619,200,35,sin((abs((abs(x))-(cos(x))))+(x)),10.593434683186512,13.98233240262782,15.054652253435464,5.890909090909091,6.0,10.59343468318651,3.1554436208840472e-30
620,200,29,sin((abs((abs(x))-(cos(x))))+(x)),10.593434683186512,15.782043176366969,23.006453661935538,5.853801169590644,6.0,10.59343468318651,3.1554436208840472e-30
621,200,29,sin((abs((abs(x))-(cos(x))))+(x)),10.593434683186512,14.668786747327987,16.581396150705274,5.7251461988304095,6.0,10.59343468318651,3.1554436208840472e-30
622,200,18,sin((abs((abs(x))-(cos(x))))+(x)),10.593434683186512,18.923393641130076,38.85250696974219,5.6923076923076925,6.0,10.59343468318651,3.1554436208840472e-30
623,200,27,sin((abs((abs(x))-(cos(x))))+(x)),10.593434683186512,15.838085979812863,24.999965453895978,5.803468208092486,6.0,10.59343468318651,3.1554436208840472e-30
624,200,28,sin((abs((abs(x))-(cos(x))))+(x)),10.593434683186512,14.665103601143697,15.24898181491458,5.738372093023256,6.0,10.59343468318651,3.1554436208840472e-30
625,200,29,sin((abs((abs(x))-(cos(x))))+(x)),10.593434683186512,14.125383353445743,12.325098078028633,5.847953216374269,6.0,10.59343468318651,3.1554436208840472e-30
626,200,25,sin((abs((abs(x))-(cos(x))))+(x)),10.593434683186512,15.528343035111364,19.08123148839285,5.771428571428571,6.0,10.59343468318651,3.1554436208840472e-30
627,200,19,sin((abs((abs(x))-(cos(x))))+(x)),10.593434683186512,16.003256631924536,13.75250799985955,5.624309392265193,6.0,10.59343468318651,3.1554436208840472e-30
628,200,27,sin((abs((abs(x))-(cos(x))))+(x)),10.593434683186512,18.992335506854122,46.106800625007004,5.786127167630058,6.0,10.59343468318651,3.1554436208840472e-30
629,200,28,sin((abs((abs(x))-(cos(x))))+(x)),10.593434683186512,15.302233485156822,18.363239804089034,5.767441860465116,6.0,10.59343468318651,3.1554436208840472e-30
630,200,27,sin((abs((abs(x))-(cos(x))))+(x)),10.593434683186512,15.443378153256353,17.853086330020428,5.780346820809249,6.0,10.59343468318651,3.1554436208840472e-30
631,200,31,sin((abs((abs(x))-(cos(x))))+(x)),10.593434683186512,13.041042859089446,8.764507669874561,5.887573964497041,6.0,10.59343468318651,3.1554436208840472e-30
632,200,26,sin((abs((abs(x))-(cos(x))))+(x)),10.593434683186512,42.156919751007436,368.44595004980687,5.609195402298851,6.0,10.59343468318651,3.1554436208840472e-30
633,200,28,sin((abs((abs(x))-(cos(x))))+(x)),10.593434683186512,17.83706299448662,27.828554629607005,5.72093023255814,6.0,10.59343468318651,3.1554436208840472e-30
634,200,24,sin((abs((abs(x))-(cos(x))))+(x)),10.593434683186512,17.917277246973303,41.354685114602255,5.653409090909091,6.0,10.59343468318651,3.1554436208840472e-30
635,200,28,sin((abs((abs(x))-(cos(x))))+(x)),10.593434683186512,16.550323402786344,20.593246570008674,5.732558139534884,6.0,10.59343468318651,3.1554436208840472e-30
636,200,36,sin((abs((abs(x))-(cos(x))))+(x)),10.593434683186512,13.918185686061436,10.550383935491359,5.835365853658536,6.0,10.59343468318651,3.1554436208840472e-30
637,200,34,sin((abs((abs(x))-(cos(x))))+(x)),10.593434683186512,14.457188803357642,15.518197516252451,5.837349397590361,6.0,10.59343468318651,3.1554436208840472e-30
638,200,24,sin((abs((abs(x))-(cos(x))))+(x)),10.593434683186512,15.478186509458787,19.571634213820545,5.880681818181818,6.0,10.59343468318651,3.1554436208840472e-30
639,200,27,sin((abs((abs(x))-(cos(x))))+(x)),10.593434683186512,14.399756731294769,12.134586229909681,5.803468208092486,6.0,10.59343468318651,3.1554436208840472e-30
640,200,31,sin((abs((abs(x))-(cos(x))))+(x)),10.593434683186512,15.983309729816437,16.382724390109512,5.485207100591716,6.0,10.59343468318651,3.1554436208840472e-30
641,200,34,sin((abs((abs(x))-(cos(x))))+(x)),10.593434683186512,13.825321783537806,9.241014149307427,5.86144578313253,6.0,10.59343468318651,3.1554436208840472e-30
642,200,28,sin((abs((abs(x))-(cos(x))))+(x)),10.593434683186512,15.162657030433117,12.597815147979649,5.616279069767442,6.0,10.59343468318651,3.1554436208840472e-30
643,200,25,sin((abs((abs(x))-(cos(x))))+(x)),10.593434683186512,15.236735946701419,16.620477117675982,5.788571428571428,6.0,10.59343468318651,3.1554436208840472e-30
644,200,22,sin((abs((abs(x))-(cos(x))))+(x)),10.593434683186512,17.10402835313903,24.811841369162096,5.707865168539326,6.0,10.59343468318651,3.1554436208840472e-30
645,200,25,sin((abs((abs(x))-(cos(x))))+(x)),10.593434683186512,17.080015487686325,33.92618131794942,5.805714285714286,6.0,10.59343468318651,3.1554436208840472e-30
646,200,34,sin((abs((abs(x))-(cos(x))))+(x)),10.593434683186512,14.410378009330527,12.129854599809645,5.783132530120482,6.0,10.59343468318651,3.1554436208840472e-30
647,200,35,sin((abs((abs(x))-(cos(x))))+(x)),10.593434683186512,13.2283309570091,9.458212165749362,5.8121212121212125,6.0,10.59343468318651,3.1554436208840472e-30
648,200,34,sin((abs((abs(x))-(cos(x))))+(x)),10.593434683186512,13.862883935804087,10.362940797637,5.897590361445783,6.0,10.59343468318651,3.1554436208840472e-30
649,200,24,sin((abs((abs(x))-(cos(x))))+(x)),10.593434683186512,16.3562987340465,18.33992304502859,5.767045454545454,6.0,10.59343468318651,3.1554436208840472e-30
650,200,26,sin((abs((abs(x))-(cos(x))))+(x)),10.593434683186512,15.068511787252847,12.203837904642063,5.64367816091954,6.0,10.59343468318651,3.1554436208840472e-30
651,200,23,sin((abs((abs(x))-(cos(x))))+(x)),10.593434683186512,14.551790402928198,11.51775799250307,5.706214689265536,6.0,10.59343468318651,3.1554436208840472e-30
652,200,28,sin((abs((abs(x))-(cos(x))))+(x)),10.593434683186512,15.464677660709343,22.24834613130066,5.837209302325581,6.0,10.59343468318651,3.1554436208840472e-30
653,200,26,sin((abs((abs(x))-(cos(x))))+(x)),10.593434683186512,14.970696057914664,12.26420152231014,5.850574712643678,6.0,10.59343468318651,3.1554436208840472e-30
654,200,24,sin((abs((abs(x))-(cos(x))))+(x)),10.593434683186512,14.709587744765853,11.676486412998049,5.767045454545454,6.0,10.59343468318651,3.1554436208840472e-30
655,200,25,sin((abs((abs(x))-(cos(x))))+(x)),10.593434683186512,16.938603270985926,30.52243406555622,5.731428571428571,6.0,10.59343468318651,3.1554436208840472e-30
656,200,26,sin((abs((abs(x))-(cos(x))))+(x)),10.593434683186512,15.879110503948397,16.72851158147512,5.706896551724138,6.0,10.59343468318651,3.1554436208840472e-30
657,200,26,sin((abs((abs(x))-(cos(x))))+(x)),10.593434683186512,16.830686113466083,24.48539709586303,5.735632183908046,6.0,10.59343468318651,3.1554436208840472e-30
658,200,29,sin((abs((abs(x))-(cos(x))))+(x)),10.593434683186512,13.77171598817203,9.936820901482722,5.771929824561403,6.0,10.59343468318651,3.1554436208840472e-30
659,200,30,sin((abs((abs(x))-(cos(x))))+(x)),10.593434683186512,17.00050420796306,24.15535708401715,5.764705882352941,6.0,10.59343468318651,3.1554436208840472e-30
660,200,31,sin((abs((abs(x))-(cos(x))))+(x)),10.593434683186512,15.657249263256253,19.140568294922666,5.822485207100592,6.0,10.59343468318651,3.1554436208840472e-30
661,200,31,sin((abs((abs(x))-(cos(x))))+(x)),10.593434683186512,15.092673156087317,13.894017027374305,5.710059171597633,6.0,10.59343468318651,3.1554436208840472e-30
662,200,29,sin((abs((abs(x))-(cos(x))))+(x)),10.593434683186512,15.556071530669145,18.658725686521034,5.795321637426901,6.0,10.59343468318651,3.1554436208840472e-30
663,200,32,sin((abs((abs(x))-(cos(x))))+(x)),10.593434683186512,14.040566382501114,10.305985175080227,5.880952380952381,6.0,10.59343468318651,3.1554436208840472e-30
664,200,28,sin((abs((abs(x))-(cos(x))))+(x)),10.593434683186512,17.474390030285353,42.94172525875366,5.8313953488372094,6.0,10.59343468318651,3.1554436208840472e-30
665,200,30,sin((abs((abs(x))-(cos(x))))+(x)),10.593434683186512,17.562859731886398,28.1508947057414,5.811764705882353,6.0,10.59343468318651,3.1554436208840472e-30
666,200,32,sin((abs((abs(x))-(cos(x))))+(x)),10.593434683186512,14.650717364107306,13.28348728958088,5.886904761904762,6.0,10.59343468318651,3.1554436208840472e-30
667,200,25,sin((abs((abs(x))-(cos(x))))+(x)),10.593434683186512,15.93631302863496,22.443623543025467,5.76,6.0,10.59343468318651,3.1554436208840472e-30
668,200,31,sin((abs((abs(x))-(cos(x))))+(x)),10.593434683186512,14.58375230871764,13.50927461093442,5.6923076923076925,6.0,10.59343468318651,3.1554436208840472e-30
669,200,34,sin((abs((abs(x))-(cos(x))))+(x)),10.593434683186512,14.190446123805856,15.30413386683262,5.759036144578313,6.0,10.59343468318651,3.1554436208840472e-30
670,200,28,sin((abs((abs(x))-(cos(x))))+(x)),10.593434683186512,14.098243499773469,10.35331896958415,5.906976744186046,6.0,10.59343468318651,3.1554436208840472e-30
671,200,29,sin((abs((abs(x))-(cos(x))))+(x)),10.593434683186512,14.789125146615115,13.78064373410246,5.777777777777778,6.0,10.59343468318651,3.1554436208840472e-30
672,200,27,sin((abs((abs(x))-(cos(x))))+(x)),10.593434683186512,18.758774642502303,32.432489530720325,5.763005780346821,6.0,10.59343468318651,3.1554436208840472e-30
673,200,27,sin((abs((abs(x))-(cos(x))))+(x)),10.593434683186512,15.682117382436463,16.827387123784142,5.61271676300578,6.0,10.59343468318651,3.1554436208840472e-30
674,200,25,sin((abs((abs(x))-(cos(x))))+(x)),10.593434683186512,17.732921227073707,27.72069794820287,5.76,6.0,10.59343468318651,3.1554436208840472e-30
675,200,36,sin((abs((abs(x))-(cos(x))))+(x)),10.593434683186512,13.61481060713025,10.382702523635727,5.853658536585366,6.0,10.59343468318651,3.1554436208840472e-30
676,200,35,sin((abs((abs(x))-(cos(x))))+(x)),10.593434683186512,16.467110489683645,21.564903143185006,5.733333333333333,6.0,10.59343468318651,3.1554436208840472e-30
677,200,28,tan(sin((abs((abs(x))-(cos(x))))+(x))),8.637693410839752,16.37414502571451,39.739673799961686,5.773255813953488,6.05,10.495647619569173,0.18168388640712488
678,200,27,tan(sin((abs((abs(x))-(cos(x))))+(x))),8.637693410839752,15.01003288141715,17.364603537360804,5.907514450867052,6.2,10.202286428717159,0.6119878278976838
679,200,27,tan(sin((abs((abs(x))-(cos(x))))+(x))),8.637693410839752,17.741101463188684,26.583296632891873,5.797687861271676,6.85,8.931054601691761,0.48767780035596725
680,200,25,tan(sin((abs((abs(x))-(cos(x))))+(x))),8.637693410839752,31.763279020584672,229.37243335663305,6.045714285714285,7.0,8.637693410839749,1.262177448353619e-29
681,200,29,tan(sin((abs((abs(x))-(cos(x))))+(x))),8.637693410839752,12.916656628009347,11.412813374824559,6.426900584795321,7.0,8.637693410839749,1.262177448353619e-29
682,200,25,tan(sin((abs((abs(x))-(cos(x))))+(x))),8.637693410839752,15.25646805629577,23.69410233203301,6.577142857142857,7.0,8.637693410839749,1.262177448353619e-29
683,200,29,tan(sin((abs((abs(x))-(cos(x))))+(x))),8.637693410839752,13.501335262517971,19.52574462598015,6.847953216374269,7.0,8.637693410839749,1.262177448353619e-29
684,200,28,tan(sin((abs((abs(x))-(cos(x))))+(x))),8.637693410839752,12.116969436945835,11.848321717516606,6.784883720930233,7.0,8.637693410839749,1.262177448353619e-29
685,200,26,tan(sin((abs((abs(x))-(cos(x))))+(x))),8.637693410839752,14.542131082919507,24.614609145965385,6.712643678160919,7.0,8.637693410839749,1.262177448353619e-29
686,200,32,tan(sin((abs((abs(x))-(cos(x))))+(x))),8.637693410839752,12.481321845587278,13.986304529948415,6.761904761904762,7.0,8.637693410839749,1.262177448353619e-29
687,200,28,tan(sin((abs((abs(x))-(cos(x))))+(x))),8.637693410839752,46.88787009915125,427.6747790983866,6.883720930232558,7.0,8.637693410839749,1.262177448353619e-29
688,200,25,tan(sin((abs((abs(x))-(cos(x))))+(x))),8.637693410839752,13.70776952721011,22.11541584895114,6.708571428571428,7.0,8.637693410839749,1.262177448353619e-29
689,200,33,tan(sin((abs((abs(x))-(cos(x))))+(x))),8.637693410839752,13.570191468546659,23.751617271973082,6.844311377245509,7.0,8.637693410839749,1.262177448353619e-29
690,200,31,tan(sin((abs((abs(x))-(cos(x))))+(x))),8.637693410839752,14.388088062994772,19.77190160921177,6.680473372781065,7.0,8.637693410839749,1.262177448353619e-29
691,200,30,tan(sin((abs((abs(x))-(cos(x))))+(x))),8.637693410839752,13.977847361337428,25.03686404571265,6.735294117647059,7.0,8.637693410839749,1.262177448353619e-29
692,200,25,tan(sin((abs((abs(x))-(cos(x))))+(x))),8.637693410839752,17.38877365771273,45.763636986730354,6.777142857142858,7.0,8.637693410839749,1.262177448353619e-29
693,200,32,tan(sin((abs((abs(x))-(cos(x))))+(x))),8.637693410839752,15.93523504099945,42.13830358348536,6.714285714285714,7.0,8.637693410839749,1.262177448353619e-29
694,200,25,tan(sin((abs((abs(x))-(cos(x))))+(x))),8.637693410839752,13.151009493952682,16.459888380028616,6.622857142857143,7.0,8.637693410839749,1.262177448353619e-29
695,200,27,tan(sin((abs((abs(x))-(cos(x))))+(x))),8.637693410839752,11.49120346240544,9.736776927248348,6.855491329479769,7.0,8.637693410839749,1.262177448353619e-29
696,200,25,tan(sin((abs((abs(x))-(cos(x))))+(x))),8.637693410839752,12.751564354345685,12.132003401504122,6.651428571428571,7.0,8.637693410839749,1.262177448353619e-29
697,200,26,tan(sin((abs((abs(x))-(cos(x))))+(x))),8.637693410839752,12.38537784503905,13.321850405886797,6.741379310344827,7.0,8.637693410839749,1.262177448353619e-29
698,200,33,tan(sin((abs((abs(x))-(cos(x))))+(x))),8.637693410839752,12.041416512095307,11.433183932481086,6.790419161676646,7.0,8.637693410839749,1.262177448353619e-29
699,200,24,tan(sin((abs((abs(x))-(cos(x))))+(x))),8.637693410839752,87.76772682753386,966.0189254642629,6.676136363636363,7.0,8.637693410839749,1.262177448353619e-29
700,200,24,tan(sin((abs((abs(x))-(cos(x))))+(x))),8.637693410839752,13.980692392020517,16.905382581694123,6.778409090909091,7.0,8.637693410839749,1.262177448353619e-29
701,200,36,tan(sin((abs((abs(x))-(cos(x))))+(x))),8.637693410839752,11.75813876889915,18.553299261937052,6.841463414634147,7.0,8.637693410839749,1.262177448353619e-29
702,200,33,tan(sin((abs((abs(x))-(cos(x))))+(x))),8.637693410839752,13.48742425151609,23.163367078051063,6.808383233532934,7.0,8.637693410839749,1.262177448353619e-29
703,200,25,tan(sin((abs((abs(x))-(cos(x))))+(x))),8.637693410839752,13.193415217688749,12.95951107201312,6.645714285714286,7.0,8.637693410839749,1.262177448353619e-29
704,200,26,tan(sin((abs((abs(x))-(cos(x))))+(x))),8.637693410839752,31.573517430113085,225.91974422111446,6.718390804597701,7.0,8.637693410839749,1.262177448353619e-29
705,200,26,tan(sin((abs((abs(x))-(cos(x))))+(x))),8.637693410839752,13.02200991628965,21.352720116480697,6.7298850574712645,7.0,8.637693410839749,1.262177448353619e-29
706,200,28,tan(sin((abs((abs(x))-(cos(x))))+(x))),8.637693410839752,12.213653606028403,11.52450715490184,6.6976744186046515,7.0,8.637693410839749,1.262177448353619e-29
707,200,29,tan(sin((abs((abs(x))-(cos(x))))+(x))),8.637693410839752,10.834333914318103,8.68274012754451,6.853801169590644,7.0,8.637693410839749,1.262177448353619e-29
708,200,25,tan(sin((abs((abs(x))-(cos(x))))+(x))),8.637693410839752,14.224380829408174,28.632048534822445,6.6571428571428575,7.0,8.637693410839749,1.262177448353619e-29
709,200,29,tan(sin((abs((abs(x))-(cos(x))))+(x))),8.637693410839752,13.649825558403492,15.369365661446661,6.6725146198830405,7.0,8.637693410839749,1.262177448353619e-29
710,200,26,tan(sin((abs((abs(x))-(cos(x))))+(x))),8.637693410839752,15.188070285101341,41.250002296617055,6.839080459770115,7.0,8.637693410839749,1.262177448353619e-29
711,200,26,tan(sin((abs((abs(x))-(cos(x))))+(x))),8.637693410839752,12.209749133059027,11.40760789145731,6.7988505747126435,7.0,8.637693410839749,1.262177448353619e-29
712,200,29,tan(sin((abs((abs(x))-(cos(x))))+(x))),8.637693410839752,13.362674022570333,21.35418729035924,6.7894736842105265,7.0,8.637693410839749,1.262177448353619e-29
713,200,26,tan(sin((abs((abs(x))-(cos(x))))+(x))),8.637693410839752,14.187203568203183,33.54783030096487,6.67816091954023,7.0,8.637693410839749,1.262177448353619e-29
714,200,28,tan(sin((abs((abs(x))-(cos(x))))+(x))),8.637693410839752,12.862295766506048,15.781731036884729,6.755813953488372,7.0,8.637693410839749,1.262177448353619e-29
715,200,29,tan(sin((abs((abs(x))-(cos(x))))+(x))),8.637693410839752,15.302191980813404,27.965981374996435,6.684210526315789,7.0,8.637693410839749,1.262177448353619e-29
716,200,29,tan(sin((abs((abs(x))-(cos(x))))+(x))),8.637693410839752,13.775993328524242,22.30734259973435,6.56140350877193,7.0,8.637693410839749,1.262177448353619e-29
717,200,24,tan(sin((abs((abs(x))-(cos(x))))+(x))),8.637693410839752,17.778720654120818,44.00570953628154,6.732954545454546,7.0,8.637693410839749,1.262177448353619e-29
718,200,29,tan(sin((abs((abs(x))-(cos(x))))+(x))),8.637693410839752,13.183113425047052,15.779652745977527,6.7894736842105265,7.0,8.637693410839749,1.262177448353619e-29
719,200,34,tan(sin((abs((abs(x))-(cos(x))))+(x))),8.637693410839752,11.778343121667037,10.791984029816827,6.783132530120482,7.0,8.637693410839749,1.262177448353619e-29
720,200,34,tan(sin((abs((abs(x))-(cos(x))))+(x))),8.637693410839752,12.610674730007052,14.54264737199834,6.837349397590361,7.0,8.637693410839749,1.262177448353619e-29
721,200,33,tan(sin((abs((abs(x))-(cos(x))))+(x))),8.637693410839752,13.154020561607895,17.034555749499784,6.7604790419161676,7.0,8.637693410839749,1.262177448353619e-29
722,200,26,tan(sin((abs((abs(x))-(cos(x))))+(x))),8.637693410839752,12.520538588056386,11.858503845890688,6.827586206896552,7.0,8.637693410839749,1.262177448353619e-29
723,200,27,tan(sin((abs((abs(x))-(cos(x))))+(x))),8.637693410839752,12.2220693719268,13.631125536920944,6.8497109826589595,7.0,8.637693410839749,1.262177448353619e-29
724,200,30,tan(sin((abs((abs(x))-(cos(x))))+(x))),8.637693410839752,12.616466699011568,13.95585106992283,6.723529411764706,7.0,8.637693410839749,1.262177448353619e-29
725,200,30,tan(sin((abs((abs(x))-(cos(x))))+(x))),8.637693410839752,13.91277705446528,18.87745324794227,6.6647058823529415,7.0,8.637693410839749,1.262177448353619e-29
726,200,29,tan(sin((abs((abs(x))-(cos(x))))+(x))),8.637693410839752,13.677266681355746,24.714725286192085,6.6608187134502925,7.0,8.637693410839749,1.262177448353619e-29
727,200,31,tan(sin((abs((abs(x))-(cos(x))))+(x))),8.637693410839752,11.138730515398853,8.721264672224505,6.757396449704142,7.0,8.637693410839749,1.262177448353619e-29
728,200,30,tan(sin((abs((abs(x))-(cos(x))))+(x))),8.637693410839752,12.082844366580906,15.566067197884786,6.770588235294118,7.0,8.637693410839749,1.262177448353619e-29
729,200,34,tan(sin((abs((abs(x))-(cos(x))))+(x))),8.637693410839752,12.968588517444257,17.105020280573967,6.873493975903615,7.0,8.637693410839749,1.262177448353619e-29
730,200,25,tan(sin((abs((abs(x))-(cos(x))))+(x))),8.637693410839752,18.66327066575135,51.98701007178,6.805714285714286,7.0,8.637693410839749,1.262177448353619e-29
731,200,30,tan(sin((abs((abs(x))-(cos(x))))+(x))),8.637693410839752,13.510744511051445,20.213385740762845,6.852941176470588,7.0,8.637693410839749,1.262177448353619e-29
732,200,30,tan(sin((abs((abs(x))-(cos(x))))+(x))),8.637693410839752,14.456405279625193,24.65525478874908,6.735294117647059,7.0,8.637693410839749,1.262177448353619e-29
733,200,30,tan(sin((abs((abs(x))-(cos(x))))+(x))),8.637693410839752,14.302373832617615,25.173955271955926,6.758823529411765,7.0,8.637693410839749,1.262177448353619e-29
734,200,27,tan(sin((abs((abs(x))-(cos(x))))+(x))),8.637693410839752,13.686111170386193,14.736379175914553,6.757225433526012,7.0,8.637693410839749,1.262177448353619e-29
735,200,25,tan(sin((abs((abs(x))-(cos(x))))+(x))),8.637693410839752,14.585612200543977,27.018117404780778,6.731428571428571,7.0,8.637693410839749,1.262177448353619e-29
736,200,22,tan(sin((abs((abs(x))-(cos(x))))+(x))),8.637693410839752,12.753125491140096,18.061729625594495,6.651685393258427,7.0,8.637693410839749,1.262177448353619e-29
737,200,27,tan(sin((abs((abs(x))-(cos(x))))+(x))),8.637693410839752,13.710646455951974,20.98059170274923,6.791907514450867,7.0,8.637693410839749,1.262177448353619e-29
738,200,29,tan(sin((abs((abs(x))-(cos(x))))+(x))),8.637693410839752,16.22990018669514,42.26950471992337,6.748538011695906,7.0,8.637693410839749,1.262177448353619e-29
739,200,26,tan(sin((abs((abs(x))-(cos(x))))+(x))),8.637693410839752,11.759783471582313,9.906959594545663,6.816091954022989,7.0,8.637693410839749,1.262177448353619e-29
740,200,34,tan(sin((abs((abs(x))-(cos(x))))+(x))),8.637693410839752,16.244553228757887,41.84453431323449,6.807228915662651,7.0,8.637693410839749,1.262177448353619e-29
741,200,25,tan(sin((abs((abs(x))-(cos(x))))+(x))),8.637693410839752,16.21520723087874,26.595694573190713,6.76,7.0,8.637693410839749,1.262177448353619e-29
742,200,29,tan(sin((abs((abs(x))-(cos(x))))+(x))),8.637693410839752,13.287215334529956,19.88899896181171,6.853801169590644,7.0,8.637693410839749,1.262177448353619e-29
743,200,32,tan(sin((abs((abs(x))-(cos(x))))+(x))),8.637693410839752,11.843197766421044,13.519257227568149,6.851190476190476,7.0,8.637693410839749,1.262177448353619e-29
744,200,23,tan(sin((abs((abs(x))-(cos(x))))+(x))),8.637693410839752,14.144214703952509,17.60637706901589,6.6158192090395485,7.0,8.637693410839749,1.262177448353619e-29
745,200,32,tan(sin((abs((abs(x))-(cos(x))))+(x))),8.637693410839752,12.317547652309491,15.559732012300545,6.779761904761905,7.0,8.637693410839749,1.262177448353619e-29
746,200,28,tan(sin((abs((abs(x))-(cos(x))))+(x))),8.637693410839752,12.194758453143262,10.608795856788179,6.72093023255814,7.0,8.637693410839749,1.262177448353619e-29
747,200,22,tan(sin((abs((abs(x))-(cos(x))))+(x))),8.637693410839752,15.90890015992308,30.68153894997542,6.668539325842697,7.0,8.637693410839749,1.262177448353619e-29
748,200,30,tan(sin((abs((abs(x))-(cos(x))))+(x))),8.637693410839752,14.473222577642117,23.978929970077704,6.676470588235294,7.0,8.637693410839749,1.262177448353619e-29
749,200,23,tan(sin((abs((abs(x))-(cos(x))))+(x))),8.637693410839752,15.188807663516378,23.381497927164723,6.638418079096045,7.0,8.637693410839749,1.262177448353619e-29
750,200,36,tan(sin((abs((abs(x))-(cos(x))))+(x))),8.637693410839752,11.407179503315529,11.509428454068326,6.920731707317073,7.0,8.637693410839749,1.262177448353619e-29
751,200,29,tan(sin((abs((abs(x))-(cos(x))))+(x))),8.637693410839752,11.545203416687086,9.946781795414745,6.6725146198830405,7.0,8.637693410839749,1.262177448353619e-29
752,200,27,tan(sin((abs((abs(x))-(cos(x))))+(x))),8.637693410839752,13.143339070229969,17.572656234370665,6.77456647398844,7.0,8.637693410839749,1.262177448353619e-29
753,200,30,tan(sin((abs((abs(x))-(cos(x))))+(x))),8.637693410839752,13.224598177362253,16.951768190171805,6.788235294117647,7.0,8.637693410839749,1.262177448353619e-29
754,200,27,tan(sin((abs((abs(x))-(cos(x))))+(x))),8.637693410839752,13.625914545495988,18.345920363129924,6.745664739884393,7.0,8.637693410839749,1.262177448353619e-29
755,200,26,tan(sin((abs((abs(x))-(cos(x))))+(x))),8.637693410839752,15.279853902929739,25.89491208328673,6.614942528735632,7.0,8.637693410839749,1.262177448353619e-29
756,200,27,tan(sin((abs((abs(x))-(cos(x))))+(x))),8.637693410839752,15.004659583126159,22.191879785027183,6.53757225433526,7.0,8.637693410839749,1.262177448353619e-29
757,200,27,tan(sin((abs((abs(x))-(cos(x))))+(x))),8.637693410839752,15.696219965934453,33.62229610794949,6.69364161849711,7.0,8.637693410839749,1.262177448353619e-29
758,200,31,tan(sin((abs((abs(x))-(cos(x))))+(x))),8.637693410839752,13.374025931697293,26.40945575348627,6.775147928994083,7.0,8.637693410839749,1.262177448353619e-29
759,200,28,tan(sin((abs((abs(x))-(cos(x))))+(x))),8.637693410839752,15.498383547875635,27.936724349220842,6.6976744186046515,7.0,8.637693410839749,1.262177448353619e-29
760,200,22,tan(sin((abs((abs(x))-(cos(x))))+(x))),8.637693410839752,12.156828223006848,11.428060889557845,6.786516853932584,7.0,8.637693410839749,1.262177448353619e-29
761,200,34,tan(sin((abs((abs(x))-(cos(x))))+(x))),8.637693410839752,13.61486779555545,19.26706960215695,6.734939759036145,7.0,8.637693410839749,1.262177448353619e-29
762,200,20,tan(sin((abs((abs(x))-(cos(x))))+(x))),8.637693410839752,13.430855467667614,13.434148318010669,6.6722222222222225,7.0,8.637693410839749,1.262177448353619e-29
763,200,34,tan(sin((abs((abs(x))-(cos(x))))+(x))),8.637693410839752,14.024295004985005,20.173772597834315,6.891566265060241,7.0,8.637693410839749,1.262177448353619e-29
764,200,35,tan(sin((abs((abs(x))-(cos(x))))+(x))),8.637693410839752,13.004818129353305,17.212355747088466,6.866666666666666,7.0,8.637693410839749,1.262177448353619e-29
765,200,27,tan(sin((abs((abs(x))-(cos(x))))+(x))),8.637693410839752,12.790688628536746,16.518038828656042,6.77456647398844,7.0,8.637693410839749,1.262177448353619e-29
766,200,29,tan(sin((abs((abs(x))-(cos(x))))+(x))),8.637693410839752,14.608247559125061,24.1468810531575,6.690058479532164,7.0,8.637693410839749,1.262177448353619e-29
767,200,29,tan(sin((abs((abs(x))-(cos(x))))+(x))),8.637693410839752,13.347800917588382,20.824150534686137,6.842105263157895,7.0,8.637693410839749,1.262177448353619e-29
768,200,34,tan(sin((abs((abs(x))-(cos(x))))+(x))),8.637693410839752,13.018254054576497,21.31405700168093,6.831325301204819,7.0,8.637693410839749,1.262177448353619e-29
769,200,30,tan(sin((abs((abs(x))-(cos(x))))+(x))),8.637693410839752,14.74135783603673,23.67422997600386,6.747058823529412,7.0,8.637693410839749,1.262177448353619e-29
770,200,31,tan(sin((abs((abs(x))-(cos(x))))+(x))),8.637693410839752,13.489519801844397,17.013741990508855,6.650887573964497,7.0,8.637693410839749,1.262177448353619e-29
771,200,27,tan(sin((abs((abs(x))-(cos(x))))+(x))),8.637693410839752,15.897317498905057,25.6507945210158,6.595375722543353,7.0,8.637693410839749,1.262177448353619e-29
772,200,24,tan(sin((abs((abs(x))-(cos(x))))+(x))),8.637693410839752,29.528276763605962,228.17556265992292,6.6875,7.0,8.637693410839749,1.262177448353619e-29
773,200,30,tan(sin((abs((abs(x))-(cos(x))))+(x))),8.637693410839752,15.505861687910757,28.158630302975183,6.811764705882353,7.0,8.637693410839749,1.262177448353619e-29
774,200,25,tan(sin((abs((abs(x))-(cos(x))))+(x))),8.637693410839752,14.711206340581352,26.667070958409923,6.685714285714286,7.0,8.637693410839749,1.262177448353619e-29
775,200,35,tan(sin((abs((abs(x))-(cos(x))))+(x))),8.637693410839752,11.95349849419901,16.92441259293385,6.909090909090909,7.0,8.637693410839749,1.262177448353619e-29
776,200,34,tan(sin((abs((abs(x))-(cos(x))))+(x))),8.637693410839752,12.209812223043647,10.783270883130834,6.765060240963855,7.0,8.637693410839749,1.262177448353619e-29
777,200,33,tan(sin((abs((abs(x))-(cos(x))))+(x))),8.637693410839752,12.624167843657906,20.06695766713241,6.874251497005988,7.0,8.637693410839749,1.262177448353619e-29
778,200,24,tan(sin((abs((abs(x))-(cos(x))))+(x))),8.637693410839752,11.592494128307457,10.264170850204465,6.767045454545454,7.0,8.637693410839749,1.262177448353619e-29
779,200,24,tan(sin((abs((abs(x))-(cos(x))))+(x))),8.637693410839752,14.34174306490624,23.04404402421789,6.744318181818182,7.0,8.637693410839749,1.262177448353619e-29
780,200,29,tan(sin((abs((abs(x))-(cos(x))))+(x))),8.637693410839752,12.645182936887556,20.20469662359096,6.818713450292398,7.0,8.637693410839749,1.262177448353619e-29
781,200,26,tan(sin((abs((abs(x))-(cos(x))))+(x))),8.637693410839752,12.243816279795062,11.273782955568851,6.672413793103448,7.0,8.637693410839749,1.262177448353619e-29
782,200,29,tan(sin((abs((abs(x))-(cos(x))))+(x))),8.637693410839752,15.7829767586626,23.795080762408027,6.707602339181286,7.0,8.637693410839749,1.262177448353619e-29
783,200,34,tan(sin((abs((abs(x))-(cos(x))))+(x))),8.637693410839752,12.913245178764837,16.03458566106288,6.753012048192771,7.0,8.637693410839749,1.262177448353619e-29
784,200,24,tan(sin((abs((abs(x))-(cos(x))))+(x))),8.637693410839752,12.49663158381855,11.723066152676672,6.744318181818182,7.0,8.637693410839749,1.262177448353619e-29
785,200,25,tan(sin((abs((abs(x))-(cos(x))))+(x))),8.637693410839752,13.332450283056167,13.273514600301787,6.6,7.0,8.637693410839749,1.262177448353619e-29
786,200,30,tan(sin((abs((abs(x))-(cos(x))))+(x))),8.637693410839752,13.752102038965297,24.236846787801518,6.723529411764706,7.0,8.637693410839749,1.262177448353619e-29
787,200,33,tan(sin((abs((abs(x))-(cos(x))))+(x))),8.637693410839752,11.974740069386263,11.456747164330407,6.74251497005988,7.0,8.637693410839749,1.262177448353619e-29
788,200,26,tan(sin((abs((abs(x))-(cos(x))))+(x))),8.637693410839752,13.595966719226308,23.33034093580695,6.764367816091954,7.0,8.637693410839749,1.262177448353619e-29
789,200,21,tan(sin((abs((abs(x))-(cos(x))))+(x))),8.637693410839752,12.984451082088823,15.76392803470811,6.659217877094972,7.0,8.637693410839749,1.262177448353619e-29
790,200,24,tan(sin((abs((abs(x))-(cos(x))))+(x))),8.637693410839752,13.532928395183944,21.821042604289953,6.6875,7.0,8.637693410839749,1.262177448353619e-29
791,200,26,tan(sin((abs((abs(x))-(cos(x))))+(x))),8.637693410839752,13.574736408272546,21.158651169668666,6.7011494252873565,7.0,8.637693410839749,1.262177448353619e-29
792,200,23,tan(sin((abs((abs(x))-(cos(x))))+(x))),8.637693410839752,16.54071402761,48.474706194567396,6.666666666666667,7.0,8.637693410839749,1.262177448353619e-29
793,200,22,tan(sin((abs((abs(x))-(cos(x))))+(x))),8.637693410839752,14.479326865204309,22.546929528535728,6.719101123595506,7.0,8.637693410839749,1.262177448353619e-29
794,200,35,tan(sin((abs((abs(x))-(cos(x))))+(x))),8.637693410839752,13.33846920652389,22.01685053599379,6.8545454545454545,7.0,8.637693410839749,1.262177448353619e-29
795,200,31,tan(sin((abs((abs(x))-(cos(x))))+(x))),8.637693410839752,11.555509111572459,10.893519327799751,6.727810650887574,7.0,8.637693410839749,1.262177448353619e-29
796,200,30,tan(sin((abs((abs(x))-(cos(x))))+(x))),8.637693410839752,10.391765264081796,7.63492131431047,6.894117647058824,7.0,8.637693410839749,1.262177448353619e-29
797,200,31,tan(sin((abs((abs(x))-(cos(x))))+(x))),8.637693410839752,13.762633544416342,20.21556235393156,6.727810650887574,7.0,8.637693410839749,1.262177448353619e-29
798,200,30,tan(sin((abs((abs(x))-(cos(x))))+(x))),8.637693410839752,13.377086906298336,19.640226654790442,6.658823529411765,7.0,8.637693410839749,1.262177448353619e-29
799,200,35,tan(sin((abs((abs(x))-(cos(x))))+(x))),8.637693410839752,11.58752450904187,10.894879685274168,6.757575757575758,7.0,8.637693410839749,1.262177448353619e-29
800,200,30,tan(sin((abs((abs(x))-(cos(x))))+(x))),8.637693410839752,15.630979278787436,36.00731308127623,6.705882352941177,7.0,8.637693410839749,1.262177448353619e-29
801,200,30,tan(sin((abs((abs(x))-(cos(x))))+(x))),8.637693410839752,12.3129765820016,13.67911111614672,6.741176470588235,7.0,8.637693410839749,1.262177448353619e-29
802,200,28,tan(sin((abs((abs(x))-(cos(x))))+(x))),8.637693410839752,18.935180977097342,69.1114957465385,6.726744186046512,7.0,8.637693410839749,1.262177448353619e-29
803,200,23,tan(sin((abs((abs(x))-(cos(x))))+(x))),8.637693410839752,16.022261312332816,33.51184297536636,6.564971751412429,7.0,8.637693410839749,1.262177448353619e-29
804,200,34,tan(sin((abs((abs(x))-(cos(x))))+(x))),8.637693410839752,14.272281690365729,28.03483811630327,6.897590361445783,7.0,8.637693410839749,1.262177448353619e-29
805,200,30,tan(sin((abs((abs(x))-(cos(x))))+(x))),8.637693410839752,14.928067882488225,23.614803924706454,6.7,7.0,8.637693410839749,1.262177448353619e-29
806,200,33,tan(sin((abs((abs(x))-(cos(x))))+(x))),8.637693410839752,13.212235949489266,13.096377645729484,6.664670658682635,7.0,8.637693410839749,1.262177448353619e-29
807,200,26,tan(sin((abs((abs(x))-(cos(x))))+(x))),8.637693410839752,13.518894082024879,16.289112820532598,6.689655172413793,7.0,8.637693410839749,1.262177448353619e-29
808,200,35,tan(sin((abs((abs(x))-(cos(x))))+(x))),8.637693410839752,15.704677168127052,34.12941920662144,6.703030303030303,7.0,8.637693410839749,1.262177448353619e-29
809,200,37,tan(sin((abs((abs(x))-(cos(x))))+(x))),8.637693410839752,12.111258459271847,10.497799406184122,6.748466257668712,7.0,8.637693410839749,1.262177448353619e-29
810,200,24,tan(sin((abs((abs(x))-(cos(x))))+(x))),8.637693410839752,15.476308635198347,22.06259009410813,6.6022727272727275,7.0,8.637693410839749,1.262177448353619e-29
811,200,37,tan(sin((abs((abs(x))-(cos(x))))+(x))),8.637693410839752,12.880733285008711,16.88788660848305,6.828220858895706,7.0,8.637693410839749,1.262177448353619e-29
812,200,31,tan(sin((abs((abs(x))-(cos(x))))+(x))),8.637693410839752,13.635782446155545,20.729092131874737,6.775147928994083,7.0,8.637693410839749,1.262177448353619e-29
813,200,30,tan(sin((abs((abs(x))-(cos(x))))+(x))),8.637693410839752,14.822574071843594,27.05239169132853,6.8,7.0,8.637693410839749,1.262177448353619e-29
814,200,31,tan(sin((abs((abs(x))-(cos(x))))+(x))),8.637693410839752,13.92275001096822,16.96268967518459,6.662721893491124,7.0,8.637693410839749,1.262177448353619e-29
815,200,26,tan(sin((abs((abs(x))-(cos(x))))+(x))),8.637693410839752,12.8461279968818,17.877498098932563,6.660919540229885,7.0,8.637693410839749,1.262177448353619e-29
816,200,28,tan(sin((abs((abs(x))-(cos(x))))+(x))),8.637693410839752,12.686491853767853,12.618887747635961,6.680232558139535,7.0,8.637693410839749,1.262177448353619e-29
817,200,32,tan(sin((abs((abs(x))-(cos(x))))+(x))),8.637693410839752,11.397226773190631,10.699000672007699,6.779761904761905,7.0,8.637693410839749,1.262177448353619e-29
818,200,25,tan(sin((abs((abs(x))-(cos(x))))+(x))),8.637693410839752,13.177742908093276,17.960989513125003,6.748571428571428,7.0,8.637693410839749,1.262177448353619e-29
819,200,35,tan(sin((abs((abs(x))-(cos(x))))+(x))),8.637693410839752,12.40146920240055,11.906251603821573,6.878787878787879,7.0,8.637693410839749,1.262177448353619e-29
820,200,24,tan(sin((abs((abs(x))-(cos(x))))+(x))),8.637693410839752,14.81218118275675,25.695084880744407,6.7272727272727275,7.0,8.637693410839749,1.262177448353619e-29
821,200,30,tan(sin((abs((abs(x))-(cos(x))))+(x))),8.637693410839752,12.561722241672934,12.120348549708742,6.723529411764706,7.0,8.637693410839749,1.262177448353619e-29
822,200,27,tan(sin((abs((abs(x))-(cos(x))))+(x))),8.637693410839752,12.387026409920383,13.859038121049407,6.757225433526012,7.0,8.637693410839749,1.262177448353619e-29
823,200,33,tan(sin((abs((abs(x))-(cos(x))))+(x))),8.637693410839752,13.320736057248554,18.324956990655284,6.88622754491018,7.0,8.637693410839749,1.262177448353619e-29
824,200,29,tan(sin((abs((abs(x))-(cos(x))))+(x))),8.637693410839752,22.34298021761905,125.99955136074524,6.713450292397661,7.0,8.637693410839749,1.262177448353619e-29
825,200,22,tan(sin((abs((abs(x))-(cos(x))))+(x))),8.637693410839752,14.195619504873028,23.25794614325397,6.668539325842697,7.0,8.637693410839749,1.262177448353619e-29
826,200,27,tan(sin((abs((abs(x))-(cos(x))))+(x))),8.637693410839752,13.199250671528201,18.625425295465305,6.786127167630058,7.0,8.637693410839749,1.262177448353619e-29
827,200,34,tan(sin((abs((abs(x))-(cos(x))))+(x))),8.637693410839752,12.725078558529326,17.715992154269394,6.933734939759036,7.0,8.637693410839749,1.262177448353619e-29
828,200,27,tan(sin((abs((abs(x))-(cos(x))))+(x))),8.637693410839752,16.697478242957764,21.659314451205606,6.61271676300578,7.0,8.637693410839749,1.262177448353619e-29
829,200,32,tan(sin((abs((abs(x))-(cos(x))))+(x))),8.637693410839752,14.188834301156557,25.755426418692927,6.857142857142857,7.0,8.637693410839749,1.262177448353619e-29
830,200,31,tan(sin((abs((abs(x))-(cos(x))))+(x))),8.637693410839752,15.588671491051265,34.680958026953746,6.940828402366864,7.0,8.637693410839749,1.262177448353619e-29
831,200,27,tan(sin((abs((abs(x))-(cos(x))))+(x))),8.637693410839752,14.432783029894344,22.060031531559538,6.635838150289017,7.0,8.637693410839749,1.262177448353619e-29
832,200,28,tan(sin((abs((abs(x))-(cos(x))))+(x))),8.637693410839752,31.864151020667038,233.2516491477895,6.627906976744186,7.0,8.637693410839749,1.262177448353619e-29
833,200,31,tan(sin((abs((abs(x))-(cos(x))))+(x))),8.637693410839752,18.593615511186265,81.44893460230425,6.680473372781065,7.0,8.637693410839749,1.262177448353619e-29
834,200,24,tan(sin((abs((abs(x))-(cos(x))))+(x))),8.637693410839752,13.881051416138208,22.474734565888575,6.7897727272727275,7.0,8.637693410839749,1.262177448353619e-29
835,200,32,tan(sin((abs((abs(x))-(cos(x))))+(x))),8.637693410839752,15.384750816499382,28.536558317563006,6.595238095238095,7.0,8.637693410839749,1.262177448353619e-29
836,200,25,tan(sin((abs((abs(x))-(cos(x))))+(x))),8.637693410839752,13.20942208510524,13.109218723095712,6.691428571428571,7.0,8.637693410839749,1.262177448353619e-29
837,200,26,tan(sin((abs((abs(x))-(cos(x))))+(x))),8.637693410839752,14.147455164791374,24.14520371694206,6.660919540229885,7.0,8.637693410839749,1.262177448353619e-29
838,200,31,tan(sin((abs((abs(x))-(cos(x))))+(x))),8.637693410839752,12.627427436647952,15.92532499573978,6.822485207100592,7.0,8.637693410839749,1.262177448353619e-29
839,200,32,tan(sin((abs((abs(x))-(cos(x))))+(x))),8.637693410839752,12.353441765193779,11.430569484468757,6.7976190476190474,7.0,8.637693410839749,1.262177448353619e-29
840,200,28,tan(sin((abs((abs(x))-(cos(x))))+(x))),8.637693410839752,13.113249068294596,14.3502224713068,6.691860465116279,7.0,8.637693410839749,1.262177448353619e-29
841,200,29,tan(sin((abs((abs(x))-(cos(x))))+(x))),8.637693410839752,15.201905680940019,25.32725788156043,6.6725146198830405,7.0,8.637693410839749,1.262177448353619e-29
842,200,26,tan(sin((abs((abs(x))-(cos(x))))+(x))),8.637693410839752,33.045704114061465,234.12150935687808,6.580459770114943,7.0,8.637693410839749,1.262177448353619e-29
843,200,33,tan(sin((abs((abs(x))-(cos(x))))+(x))),8.637693410839752,11.527992427554015,15.601307811206844,6.880239520958084,7.0,8.637693410839749,1.262177448353619e-29
844,200,31,tan(sin((abs((abs(x))-(cos(x))))+(x))),8.637693410839752,13.141752217144553,24.30059954253271,6.93491124260355,7.0,8.637693410839749,1.262177448353619e-29
845,200,28,tan(sin((abs((abs(x))-(cos(x))))+(x))),8.637693410839752,15.146173237944732,21.649987366701232,6.755813953488372,7.0,8.637693410839749,1.262177448353619e-29
846,200,32,tan(sin((abs((abs(x))-(cos(x))))+(x))),8.637693410839752,14.703603742807,20.065780051660013,6.684523809523809,7.0,8.637693410839749,1.262177448353619e-29
847,200,30,tan(sin((abs((abs(x))-(cos(x))))+(x))),8.637693410839752,15.213495674370325,26.89706872566433,6.676470588235294,7.0,8.637693410839749,1.262177448353619e-29
848,200,29,tan(sin((abs((abs(x))-(cos(x))))+(x))),8.637693410839752,11.893451942458979,12.450085386505119,6.742690058479532,7.0,8.637693410839749,1.262177448353619e-29
849,200,36,tan(sin((abs((abs(x))-(cos(x))))+(x))),8.637693410839752,11.70615676147852,11.118360119478849,6.804878048780488,7.0,8.637693410839749,1.262177448353619e-29
850,200,26,tan(sin((abs((abs(x))-(cos(x))))+(x))),8.637693410839752,12.642944889942038,12.689131133898048,6.649425287356322,7.0,8.637693410839749,1.262177448353619e-29
851,200,28,tan(sin((abs((abs(x))-(cos(x))))+(x))),8.637693410839752,11.457655649405469,14.033626313210595,6.808139534883721,7.0,8.637693410839749,1.262177448353619e-29
852,200,25,tan(sin((abs((abs(x))-(cos(x))))+(x))),8.637693410839752,11.9076312889349,10.320567286600468,6.651428571428571,7.0,8.637693410839749,1.262177448353619e-29
853,200,22,tan(sin((abs((abs(x))-(cos(x))))+(x))),8.637693410839752,12.52556137282053,13.158600290621656,6.758426966292135,7.0,8.637693410839749,1.262177448353619e-29
854,200,25,tan(sin((abs((abs(x))-(cos(x))))+(x))),8.637693410839752,1517.5698493762488,19836.587215033378,6.817142857142857,7.0,8.637693410839749,1.262177448353619e-29
855,200,18,tan(sin((abs((abs(x))-(cos(x))))+(x))),8.637693410839752,16.577683717144797,24.052666968512288,6.4945054945054945,7.0,8.637693410839749,1.262177448353619e-29
856,200,25,tan(sin((abs((abs(x))-(cos(x))))+(x))),8.637693410839752,14.26167939543128,22.46278690521898,6.645714285714286,7.0,8.637693410839749,1.262177448353619e-29
857,200,26,tan(sin((abs((abs(x))-(cos(x))))+(x))),8.637693410839752,17.509812538316787,44.09469275599157,6.557471264367816,7.0,8.637693410839749,1.262177448353619e-29
858,200,35,tan(sin((abs((abs(x))-(cos(x))))+(x))),8.637693410839752,14.364824049932256,19.520415248068048,6.654545454545454,7.0,8.637693410839749,1.262177448353619e-29
859,200,33,tan(sin((abs((abs(x))-(cos(x))))+(x))),8.637693410839752,12.957883824278984,14.205007190802839,6.754491017964072,7.0,8.637693410839749,1.262177448353619e-29
860,200,25,tan(sin((abs((abs(x))-(cos(x))))+(x))),8.637693410839752,17.442982927823696,32.41719561923894,6.634285714285714,7.0,8.637693410839749,1.262177448353619e-29
861,200,24,tan(sin((abs((abs(x))-(cos(x))))+(x))),8.637693410839752,16.008518290646137,27.49770190298837,6.681818181818182,7.0,8.637693410839749,1.262177448353619e-29
862,200,31,tan(sin((abs((abs(x))-(cos(x))))+(x))),8.637693410839752,11.57414775988815,10.532795129283182,6.834319526627219,7.0,8.637693410839749,1.262177448353619e-29
863,200,31,tan(sin((abs((abs(x))-(cos(x))))+(x))),8.637693410839752,13.086158214569759,21.14559081436812,6.757396449704142,7.0,8.637693410839749,1.262177448353619e-29
864,200,25,tan(sin((abs((abs(x))-(cos(x))))+(x))),8.637693410839752,12.310452438763148,11.34114637723355,6.668571428571428,7.0,8.637693410839749,1.262177448353619e-29
865,200,25,tan(sin((abs((abs(x))-(cos(x))))+(x))),8.637693410839752,16.192400879435084,31.584298060895822,6.68,7.0,8.637693410839749,1.262177448353619e-29
866,200,25,tan(sin((abs((abs(x))-(cos(x))))+(x))),8.637693410839752,16.782598056396402,43.655970745731494,6.645714285714286,7.0,8.637693410839749,1.262177448353619e-29
867,200,36,tan(sin((abs((abs(x))-(cos(x))))+(x))),8.637693410839752,13.416577291281042,17.755860078297292,6.719512195121951,7.0,8.637693410839749,1.262177448353619e-29
868,200,32,tan(sin((abs((abs(x))-(cos(x))))+(x))),8.637693410839752,16.116800284339508,28.707264559667824,6.755952380952381,7.0,8.637693410839749,1.262177448353619e-29
869,200,22,tan(sin((abs((abs(x))-(cos(x))))+(x))),8.637693410839752,16.963281867523296,30.55750219789044,6.691011235955056,7.0,8.637693410839749,1.262177448353619e-29
870,200,28,tan(sin((abs((abs(x))-(cos(x))))+(x))),8.637693410839752,13.482050291632419,21.936462678892916,6.796511627906977,7.0,8.637693410839749,1.262177448353619e-29
871,200,32,tan(sin((abs((abs(x))-(cos(x))))+(x))),8.637693410839752,13.169793309234127,20.264893806760192,6.761904761904762,7.0,8.637693410839749,1.262177448353619e-29
872,200,33,tan(sin((abs((abs(x))-(cos(x))))+(x))),8.637693410839752,12.507515799456021,18.04470565114735,6.862275449101796,7.0,8.637693410839749,1.262177448353619e-29
873,200,30,tan(sin((abs((abs(x))-(cos(x))))+(x))),8.637693410839752,11.88780494663495,11.155370586656034,6.658823529411765,7.0,8.637693410839749,1.262177448353619e-29
874,200,28,tan(sin((abs((abs(x))-(cos(x))))+(x))),8.637693410839752,11.801318830948231,11.4317443587571,6.819767441860465,7.0,8.637693410839749,1.262177448353619e-29
875,200,25,tan(sin((abs((abs(x))-(cos(x))))+(x))),8.637693410839752,14.529889890152507,15.9418786301802,6.582857142857143,7.0,8.637693410839749,1.262177448353619e-29
876,200,27,tan(sin((abs((abs(x))-(cos(x))))+(x))),8.637693410839752,15.299017483041947,24.36388281986481,6.682080924855492,7.0,8.637693410839749,1.262177448353619e-29
877,200,26,tan(sin((abs((abs(x))-(cos(x))))+(x))),8.637693410839752,15.625828322661985,33.78638751939609,6.672413793103448,7.0,8.637693410839749,1.262177448353619e-29
878,200,22,tan(sin((abs((abs(x))-(cos(x))))+(x))),8.637693410839752,16.329124433266067,29.64236272849145,6.53932584269663,7.0,8.637693410839749,1.262177448353619e-29
879,200,23,tan(sin((abs((abs(x))-(cos(x))))+(x))),8.637693410839752,12.673754403775224,16.45966438465706,6.836158192090395,7.0,8.637693410839749,1.262177448353619e-29
880,200,27,tan(sin((abs((abs(x))-(cos(x))))+(x))),8.637693410839752,12.09616296389203,11.050491245812843,6.757225433526012,7.0,8.637693410839749,1.262177448353619e-29
881,200,25,tan(sin((abs((abs(x))-(cos(x))))+(x))),8.637693410839752,14.736178408655633,35.62966989500399,6.668571428571428,7.0,8.637693410839749,1.262177448353619e-29
882,200,35,tan(sin((abs((abs(x))-(cos(x))))+(x))),8.637693410839752,12.852380489649116,18.220631631314504,6.818181818181818,7.0,8.637693410839749,1.262177448353619e-29
883,200,31,tan(sin((abs((abs(x))-(cos(x))))+(x))),8.637693410839752,11.999540818803098,11.381367678659045,6.792899408284024,7.0,8.637693410839749,1.262177448353619e-29
884,200,29,tan(sin((abs((abs(x))-(cos(x))))+(x))),8.637693410839752,13.804633063655213,16.488568357215687,6.707602339181286,7.0,8.637693410839749,1.262177448353619e-29
885,200,32,tan(sin((abs((abs(x))-(cos(x))))+(x))),8.637693410839752,13.687957149391453,15.396783895936403,6.75,7.0,8.637693410839749,1.262177448353619e-29
886,200,32,tan(sin((abs((abs(x))-(cos(x))))+(x))),8.637693410839752,12.972862646053649,12.686672041571061,6.785714285714286,7.0,8.637693410839749,1.262177448353619e-29
887,200,21,tan(sin((abs((abs(x))-(cos(x))))+(x))),8.637693410839752,14.910954072971647,22.568785860792254,6.58659217877095,7.0,8.637693410839749,1.262177448353619e-29
888,200,26,tan(sin((abs((abs(x))-(cos(x))))+(x))),8.637693410839752,12.83112860949919,16.08681336762797,6.683908045977011,7.0,8.637693410839749,1.262177448353619e-29
889,200,24,tan(sin((abs((abs(x))-(cos(x))))+(x))),8.637693410839752,16.275086149399275,28.886659141523573,6.551136363636363,7.0,8.637693410839749,1.262177448353619e-29
890,200,27,tan(sin((abs((abs(x))-(cos(x))))+(x))),8.637693410839752,13.748840985174308,21.42797309077351,6.699421965317919,7.0,8.637693410839749,1.262177448353619e-29
891,200,30,tan(sin((abs((abs(x))-(cos(x))))+(x))),8.637693410839752,13.145536210766785,17.889209043330172,6.7176470588235295,7.0,8.637693410839749,1.262177448353619e-29
892,200,22,tan(sin((abs((abs(x))-(cos(x))))+(x))),8.637693410839752,16.540651872853804,24.435471715931666,6.606741573033708,7.0,8.637693410839749,1.262177448353619e-29
893,200,29,tan(sin((abs((abs(x))-(cos(x))))+(x))),8.637693410839752,16.45411635337659,31.31995227016766,6.777777777777778,7.0,8.637693410839749,1.262177448353619e-29
894,200,31,tan(sin((abs((abs(x))-(cos(x))))+(x))),8.637693410839752,13.327320016861956,21.593763324258372,6.739644970414201,7.0,8.637693410839749,1.262177448353619e-29
895,200,29,tan(sin((abs((abs(x))-(cos(x))))+(x))),8.637693410839752,15.779335602044334,26.49722168253346,6.7368421052631575,7.0,8.637693410839749,1.262177448353619e-29
896,200,24,tan(sin((abs((abs(x))-(cos(x))))+(x))),8.637693410839752,13.958706454504823,17.893682104103462,6.6875,7.0,8.637693410839749,1.262177448353619e-29
897,200,28,tan(sin((abs((abs(x))-(cos(x))))+(x))),8.637693410839752,15.170255798935688,19.270617936273688,6.732558139534884,7.0,8.637693410839749,1.262177448353619e-29
898,200,26,tan(sin((abs((abs(x))-(cos(x))))+(x))),8.637693410839752,14.427580429162862,19.699344644388013,6.7701149425287355,7.0,8.637693410839749,1.262177448353619e-29
899,200,28,tan(sin((abs((abs(x))-(cos(x))))+(x))),8.637693410839752,14.676023345969535,21.639463878830714,6.575581395348837,7.0,8.637693410839749,1.262177448353619e-29
900,200,27,tan(sin((abs((abs(x))-(cos(x))))+(x))),8.637693410839752,13.83822785141149,18.826601802124415,6.606936416184971,7.0,8.637693410839749,1.262177448353619e-29
901,200,34,tan(sin((abs((abs(x))-(cos(x))))+(x))),8.637693410839752,12.216806998118631,10.452306120684424,6.807228915662651,7.0,8.637693410839749,1.262177448353619e-29
902,200,23,tan(sin((abs((abs(x))-(cos(x))))+(x))),8.637693410839752,13.857381841167498,16.7765585334646,6.68361581920904,7.0,8.637693410839749,1.262177448353619e-29
903,200,23,tan(sin((abs((abs(x))-(cos(x))))+(x))),8.637693410839752,14.610839466581481,19.671055601599523,6.649717514124294,7.0,8.637693410839749,1.262177448353619e-29
904,200,21,tan(sin((abs((abs(x))-(cos(x))))+(x))),8.637693410839752,12.485025746789482,12.05829401418082,6.709497206703911,7.0,8.637693410839749,1.262177448353619e-29
905,200,27,tan(sin((abs((abs(x))-(cos(x))))+(x))),8.637693410839752,14.632766539937593,23.601393156919798,6.820809248554913,7.0,8.637693410839749,1.262177448353619e-29
906,200,31,tan(sin((abs((abs(x))-(cos(x))))+(x))),8.637693410839752,12.304029316613379,13.94043968266687,6.822485207100592,7.0,8.637693410839749,1.262177448353619e-29
907,200,27,tan(sin((abs((abs(x))-(cos(x))))+(x))),8.637693410839752,32.565282113234744,230.7654173689114,6.716763005780347,7.0,8.637693410839749,1.262177448353619e-29
908,200,29,tan(sin((abs((abs(x))-(cos(x))))+(x))),8.637693410839752,13.627496802596514,27.041526775684066,6.8011695906432745,7.0,8.637693410839749,1.262177448353619e-29
909,200,28,tan(sin((abs((abs(x))-(cos(x))))+(x))),8.637693410839752,13.545283533783635,20.325342761659872,6.738372093023256,7.0,8.637693410839749,1.262177448353619e-29
910,200,30,tan(sin((abs((abs(x))-(cos(x))))+(x))),8.637693410839752,32.89453429469584,233.9645635803746,6.776470588235294,7.0,8.637693410839749,1.262177448353619e-29
911,200,20,tan(sin((abs((abs(x))-(cos(x))))+(x))),8.637693410839752,14.536061430652461,23.093203124493456,6.655555555555556,7.0,8.637693410839749,1.262177448353619e-29
912,200,28,tan(sin((abs((abs(x))-(cos(x))))+(x))),8.637693410839752,12.78956418793323,12.977944280624834,6.738372093023256,7.0,8.637693410839749,1.262177448353619e-29
913,200,37,tan(sin((abs((abs(x))-(cos(x))))+(x))),8.637693410839752,11.909365639569183,11.296590471442476,6.846625766871166,7.0,8.637693410839749,1.262177448353619e-29
914,200,31,tan(sin((abs((abs(x))-(cos(x))))+(x))),8.637693410839752,13.349563050523866,17.482704206985154,6.739644970414201,7.0,8.637693410839749,1.262177448353619e-29
915,200,33,tan(sin((abs((abs(x))-(cos(x))))+(x))),8.637693410839752,12.132142120116445,23.399903128052284,6.922155688622754,7.0,8.637693410839749,1.262177448353619e-29
916,200,26,tan(sin((abs((abs(x))-(cos(x))))+(x))),8.637693410839752,15.867229352813267,32.01760534202638,6.7298850574712645,7.0,8.637693410839749,1.262177448353619e-29
917,200,24,tan(sin((abs((abs(x))-(cos(x))))+(x))),8.637693410839752,11.829475604306037,10.200074936268193,6.670454545454546,7.0,8.637693410839749,1.262177448353619e-29
918,200,28,tan(sin((abs((abs(x))-(cos(x))))+(x))),8.637693410839752,15.946026507561946,45.1738706301421,6.726744186046512,7.0,8.637693410839749,1.262177448353619e-29
919,200,32,tan(sin((abs((abs(x))-(cos(x))))+(x))),8.637693410839752,14.293680062600396,25.35503789697525,6.75,7.0,8.637693410839749,1.262177448353619e-29
920,200,34,tan(sin((abs((abs(x))-(cos(x))))+(x))),8.637693410839752,12.62410457101303,16.684375625040513,6.831325301204819,7.0,8.637693410839749,1.262177448353619e-29
921,200,27,tan(sin((abs((abs(x))-(cos(x))))+(x))),8.637693410839752,16.355351036881167,31.913578614560745,6.583815028901734,7.0,8.637693410839749,1.262177448353619e-29
922,200,24,tan(sin((abs((abs(x))-(cos(x))))+(x))),8.637693410839752,15.257385658792016,18.741854018615193,6.630681818181818,7.0,8.637693410839749,1.262177448353619e-29
923,200,29,tan(sin((abs((abs(x))-(cos(x))))+(x))),8.637693410839752,13.904101536668088,20.363318635581912,6.695906432748538,7.0,8.637693410839749,1.262177448353619e-29
924,200,28,tan(sin((abs((abs(x))-(cos(x))))+(x))),8.637693410839752,14.770947861538263,21.122733139806723,6.622093023255814,7.0,8.637693410839749,1.262177448353619e-29
925,200,34,tan(sin((abs((abs(x))-(cos(x))))+(x))),8.637693410839752,34.78492500081846,244.1937956784395,6.698795180722891,7.0,8.637693410839749,1.262177448353619e-29
926,200,27,tan(sin((abs((abs(x))-(cos(x))))+(x))),8.637693410839752,13.185447053324461,15.39955047143123,6.780346820809249,7.0,8.637693410839749,1.262177448353619e-29
927,200,29,tan(sin((abs((abs(x))-(cos(x))))+(x))),8.637693410839752,14.267075670969284,17.007790006034064,6.707602339181286,7.0,8.637693410839749,1.262177448353619e-29
928,200,29,tan(sin((abs((abs(x))-(cos(x))))+(x))),8.637693410839752,13.56370243090045,17.066846678027773,6.8011695906432745,7.0,8.637693410839749,1.262177448353619e-29
929,200,25,tan(sin((abs((abs(x))-(cos(x))))+(x))),8.637693410839752,15.264913738380855,25.28896508103676,6.685714285714286,7.0,8.637693410839749,1.262177448353619e-29
930,200,30,tan(sin((abs((abs(x))-(cos(x))))+(x))),8.637693410839752,12.449188186671035,12.766220563258402,6.8,7.0,8.637693410839749,1.262177448353619e-29
931,200,30,tan(sin((abs((abs(x))-(cos(x))))+(x))),8.637693410839752,12.281755840915842,12.418880838162973,6.776470588235294,7.0,8.637693410839749,1.262177448353619e-29
932,200,26,tan(sin((abs((abs(x))-(cos(x))))+(x))),8.637693410839752,14.077215427139375,17.854434413921243,6.614942528735632,7.0,8.637693410839749,1.262177448353619e-29
933,200,27,tan(sin((abs((abs(x))-(cos(x))))+(x))),8.637693410839752,13.153883155297343,16.82829082990792,6.7514450867052025,7.0,8.637693410839749,1.262177448353619e-29
934,200,28,tan(sin((abs((abs(x))-(cos(x))))+(x))),8.637693410839752,14.572433924426512,19.006993170984618,6.6395348837209305,7.0,8.637693410839749,1.262177448353619e-29
935,200,32,tan(sin((abs((abs(x))-(cos(x))))+(x))),8.637693410839752,18.489153931947225,43.543224840149634,6.7023809523809526,7.0,8.637693410839749,1.262177448353619e-29
936,200,25,tan(sin((abs((abs(x))-(cos(x))))+(x))),8.637693410839752,13.99201345418809,17.854295209755726,6.6571428571428575,7.0,8.637693410839749,1.262177448353619e-29
937,200,31,tan(sin((abs((abs(x))-(cos(x))))+(x))),8.637693410839752,13.58446497909344,19.727046969286604,6.680473372781065,7.0,8.637693410839749,1.262177448353619e-29
938,200,32,tan(sin((abs((abs(x))-(cos(x))))+(x))),8.637693410839752,11.840595012501732,15.177874866943826,6.833333333333333,7.0,8.637693410839749,1.262177448353619e-29
939,200,28,tan(sin((abs((abs(x))-(cos(x))))+(x))),8.637693410839752,14.75879466501681,22.67950543420771,6.703488372093023,7.0,8.637693410839749,1.262177448353619e-29
940,200,33,tan(sin((abs((abs(x))-(cos(x))))+(x))),8.637693410839752,13.04143686015962,15.725220386322665,6.880239520958084,7.0,8.637693410839749,1.262177448353619e-29
941,200,33,tan(sin((abs((abs(x))-(cos(x))))+(x))),8.637693410839752,11.892179455015206,11.178029695820609,6.81437125748503,7.0,8.637693410839749,1.262177448353619e-29
942,200,36,tan(sin((abs((abs(x))-(cos(x))))+(x))),8.637693410839752,11.554733207033062,9.513166627046997,6.817073170731708,7.0,8.637693410839749,1.262177448353619e-29
943,200,25,tan(sin((abs((abs(x))-(cos(x))))+(x))),8.637693410839752,13.016713610994104,15.228034512256666,6.651428571428571,7.0,8.637693410839749,1.262177448353619e-29
944,200,27,tan(sin((abs((abs(x))-(cos(x))))+(x))),8.637693410839752,13.444993052935644,18.572953083053136,6.670520231213873,7.0,8.637693410839749,1.262177448353619e-29
945,200,29,tan(sin((abs((abs(x))-(cos(x))))+(x))),8.637693410839752,12.067602950228668,14.091941783618863,6.818713450292398,7.0,8.637693410839749,1.262177448353619e-29
946,200,31,tan(sin((abs((abs(x))-(cos(x))))+(x))),8.637693410839752,12.51134342844619,16.766149430065518,6.810650887573964,7.0,8.637693410839749,1.262177448353619e-29
947,200,31,tan(sin((abs((abs(x))-(cos(x))))+(x))),8.637693410839752,14.227603455736206,21.795761690586353,6.757396449704142,7.0,8.637693410839749,1.262177448353619e-29
948,200,26,tan(sin((abs((abs(x))-(cos(x))))+(x))),8.637693410839752,15.44234355037273,24.96923998625351,6.580459770114943,7.0,8.637693410839749,1.262177448353619e-29
949,200,24,tan(sin((abs((abs(x))-(cos(x))))+(x))),8.637693410839752,48.93578041590046,315.7567532685136,6.767045454545454,7.0,8.637693410839749,1.262177448353619e-29
950,200,33,tan(sin((abs((abs(x))-(cos(x))))+(x))),8.637693410839752,29.580735471185445,223.87482701272677,6.868263473053892,7.0,8.637693410839749,1.262177448353619e-29
951,200,27,tan(sin((abs((abs(x))-(cos(x))))+(x))),8.637693410839752,31.481870193939184,231.69524924431292,6.7398843930635834,7.0,8.637693410839749,1.262177448353619e-29
952,200,30,tan(sin((abs((abs(x))-(cos(x))))+(x))),8.637693410839752,11.903920299180298,12.55403727577759,6.688235294117647,7.0,8.637693410839749,1.262177448353619e-29
953,200,25,tan(sin((abs((abs(x))-(cos(x))))+(x))),8.637693410839752,13.155198395464218,17.623291413836647,6.88,7.0,8.637693410839749,1.262177448353619e-29
954,200,29,tan(sin((abs((abs(x))-(cos(x))))+(x))),8.637693410839752,30.832156212771707,232.84611775342293,6.719298245614035,7.0,8.637693410839749,1.262177448353619e-29
955,200,25,tan(sin((abs((abs(x))-(cos(x))))+(x))),8.637693410839752,13.74533537441643,21.623713302087634,6.817142857142857,7.0,8.637693410839749,1.262177448353619e-29
956,200,29,tan(sin((abs((abs(x))-(cos(x))))+(x))),8.637693410839752,12.479066577348542,12.30417365416222,6.7251461988304095,7.0,8.637693410839749,1.262177448353619e-29
957,200,28,tan(sin((abs((abs(x))-(cos(x))))+(x))),8.637693410839752,14.183586329363498,30.875956601335766,6.773255813953488,7.0,8.637693410839749,1.262177448353619e-29
958,200,34,tan(sin((abs((abs(x))-(cos(x))))+(x))),8.637693410839752,11.658128684405456,10.926732332854638,6.945783132530121,7.0,8.637693410839749,1.262177448353619e-29
959,200,23,tan(sin((abs((abs(x))-(cos(x))))+(x))),8.637693410839752,16.621642577135173,27.117157622434746,6.593220338983051,7.0,8.637693410839749,1.262177448353619e-29
960,200,31,tan(sin((abs((abs(x))-(cos(x))))+(x))),8.637693410839752,14.155536967448517,20.46748376742245,6.78698224852071,7.0,8.637693410839749,1.262177448353619e-29
961,200,25,tan(sin((abs((abs(x))-(cos(x))))+(x))),8.637693410839752,13.472179988257396,15.017178741107971,6.731428571428571,7.0,8.637693410839749,1.262177448353619e-29
962,200,27,tan(sin((abs((abs(x))-(cos(x))))+(x))),8.637693410839752,13.416313640644306,18.280177930370634,6.6531791907514455,7.0,8.637693410839749,1.262177448353619e-29
963,200,29,tan(sin((abs((abs(x))-(cos(x))))+(x))),8.637693410839752,12.722087281311772,16.47625142472431,6.695906432748538,7.0,8.637693410839749,1.262177448353619e-29
964,200,26,tan(sin((abs((abs(x))-(cos(x))))+(x))),8.637693410839752,13.281235528497774,17.185363502100273,6.666666666666667,7.0,8.637693410839749,1.262177448353619e-29
965,200,29,tan(sin((abs((abs(x))-(cos(x))))+(x))),8.637693410839752,14.77174343327781,24.76055523908672,6.742690058479532,7.0,8.637693410839749,1.262177448353619e-29
966,200,31,tan(sin((abs((abs(x))-(cos(x))))+(x))),8.637693410839752,13.237766152243678,16.218437060962554,6.739644970414201,7.0,8.637693410839749,1.262177448353619e-29
967,200,30,tan(sin((abs((abs(x))-(cos(x))))+(x))),8.637693410839752,13.79951429321848,22.17707479810858,6.7,7.0,8.637693410839749,1.262177448353619e-29
968,200,31,tan(sin((abs((abs(x))-(cos(x))))+(x))),8.637693410839752,12.197524532299804,12.418483663695765,6.816568047337278,7.0,8.637693410839749,1.262177448353619e-29
969,200,26,tan(sin((abs((abs(x))-(cos(x))))+(x))),8.637693410839752,13.932247260073432,18.158934379782238,6.706896551724138,7.0,8.637693410839749,1.262177448353619e-29
970,200,26,tan(sin((abs((abs(x))-(cos(x))))+(x))),8.637693410839752,12.50330272195423,15.764893567792717,6.712643678160919,7.0,8.637693410839749,1.262177448353619e-29
971,200,25,tan(sin((abs((abs(x))-(cos(x))))+(x))),8.637693410839752,12.813624834710904,11.96903523071374,6.725714285714286,7.0,8.637693410839749,1.262177448353619e-29
972,200,29,tan(sin((abs((abs(x))-(cos(x))))+(x))),8.637693410839752,14.166413873685231,16.776658393573133,6.713450292397661,7.0,8.637693410839749,1.262177448353619e-29
973,200,41,tan(sin((abs((abs(x))-(cos(x))))+(x))),8.637693410839752,11.561104086327799,9.962005612873872,6.779874213836478,7.0,8.637693410839749,1.262177448353619e-29
974,200,22,tan(sin((abs((abs(x))-(cos(x))))+(x))),8.637693410839752,1494.5579463885417,19672.025007486824,6.561797752808989,7.0,8.637693410839749,1.262177448353619e-29
975,200,31,tan(sin((abs((abs(x))-(cos(x))))+(x))),8.637693410839752,14.616168948835584,22.468601343359598,6.674556213017752,7.0,8.637693410839749,1.262177448353619e-29
976,200,25,tan(sin((abs((abs(x))-(cos(x))))+(x))),8.637693410839752,12.363576853339492,11.907776601429472,6.611428571428571,7.0,8.637693410839749,1.262177448353619e-29
977,200,33,tan(sin((abs((abs(x))-(cos(x))))+(x))),8.637693410839752,12.848866606510295,22.13529291824517,6.832335329341317,7.0,8.637693410839749,1.262177448353619e-29
978,200,29,tan(sin((abs((abs(x))-(cos(x))))+(x))),8.637693410839752,14.055280055686552,20.710868924968153,6.730994152046784,7.0,8.637693410839749,1.262177448353619e-29
979,200,30,tan(sin((abs((abs(x))-(cos(x))))+(x))),8.637693410839752,11.769799926081363,9.212070351966183,6.788235294117647,7.0,8.637693410839749,1.262177448353619e-29
980,200,32,tan(sin((abs((abs(x))-(cos(x))))+(x))),8.637693410839752,12.718189703897766,11.598186365005832,6.732142857142857,7.0,8.637693410839749,1.262177448353619e-29
981,200,32,tan(sin((abs((abs(x))-(cos(x))))+(x))),8.637693410839752,13.77152118309398,20.418686839875214,6.738095238095238,7.0,8.637693410839749,1.262177448353619e-29
982,200,37,tan(sin((abs((abs(x))-(cos(x))))+(x))),8.637693410839752,31.77776425397348,238.62052210689887,6.975460122699387,7.0,8.637693410839749,1.262177448353619e-29
983,200,26,tan(sin((abs((abs(x))-(cos(x))))+(x))),8.637693410839752,15.14047503811898,21.964429001042944,6.735632183908046,7.0,8.637693410839749,1.262177448353619e-29
984,200,29,tan(sin((abs((abs(x))-(cos(x))))+(x))),8.637693410839752,13.55296925716858,15.594859321148407,6.818713450292398,7.0,8.637693410839749,1.262177448353619e-29
985,200,27,tan(sin((abs((abs(x))-(cos(x))))+(x))),8.637693410839752,15.514360767824098,25.892944864899285,6.658959537572255,7.0,8.637693410839749,1.262177448353619e-29
986,200,28,tan(sin((abs((abs(x))-(cos(x))))+(x))),8.637693410839752,58.378388343098,587.3878882587109,6.726744186046512,7.0,8.637693410839749,1.262177448353619e-29
987,200,35,tan(sin((abs((abs(x))-(cos(x))))+(x))),8.637693410839752,13.163990170652001,24.639468277487417,6.745454545454545,7.0,8.637693410839749,1.262177448353619e-29
988,200,29,tan(sin((abs((abs(x))-(cos(x))))+(x))),8.637693410839752,15.99201649320758,26.16584905328296,6.719298245614035,7.0,8.637693410839749,1.262177448353619e-29
989,200,29,tan(sin((abs((abs(x))-(cos(x))))+(x))),8.637693410839752,12.892462034968188,18.1926945349359,6.777777777777778,7.0,8.637693410839749,1.262177448353619e-29
990,200,33,tan(sin((abs((abs(x))-(cos(x))))+(x))),8.637693410839752,11.836446028384717,14.87635334726806,6.778443113772455,7.0,8.637693410839749,1.262177448353619e-29
991,200,32,tan(sin((abs((abs(x))-(cos(x))))+(x))),8.637693410839752,12.93415135741632,16.484590736502607,6.738095238095238,7.0,8.637693410839749,1.262177448353619e-29
992,200,26,tan(sin((abs((abs(x))-(cos(x))))+(x))),8.637693410839752,13.276720045106785,16.661180327581615,6.586206896551724,7.0,8.637693410839749,1.262177448353619e-29
993,200,35,tan(sin((abs((abs(x))-(cos(x))))+(x))),8.637693410839752,12.045338508364209,15.799979127345386,6.915151515151515,7.0,8.637693410839749,1.262177448353619e-29
994,200,28,tan(sin((abs((abs(x))-(cos(x))))+(x))),8.637693410839752,14.044948101368806,21.22750992286086,6.715116279069767,7.0,8.637693410839749,1.262177448353619e-29
995,200,26,tan(sin((abs((abs(x))-(cos(x))))+(x))),8.637693410839752,12.653966592453349,12.099266886582324,6.747126436781609,7.0,8.637693410839749,1.262177448353619e-29
996,200,26,tan(sin((abs((abs(x))-(cos(x))))+(x))),8.637693410839752,13.16037713973787,12.979906648465631,6.67816091954023,7.0,8.637693410839749,1.262177448353619e-29
997,200,37,tan(sin((abs((abs(x))-(cos(x))))+(x))),8.637693410839752,12.379645156530923,12.859714585674135,6.7607361963190185,7.0,8.637693410839749,1.262177448353619e-29
998,200,30,tan(sin((abs((abs(x))-(cos(x))))+(x))),8.637693410839752,13.861268931910377,17.77342883456604,6.741176470588235,7.0,8.637693410839749,1.262177448353619e-29
999,200,28,tan(sin((abs((abs(x))-(cos(x))))+(x))),8.637693410839752,15.384634926557647,26.508779518556995,6.761627906976744,7.0,8.637693410839749,1.262177448353619e-29
1000,200,25,tan(sin((abs((abs(x))-(cos(x))))+(x))),8.637693410839752,13.401886778331248,18.251999486467746,6.702857142857143,7.0,8.637693410839749,1.262177448353619e-29
1001,200,27,tan(sin((abs((abs(x))-(cos(x))))+(x))),8.637693410839752,13.2107805489679,20.131255183926754,6.786127167630058,7.0,8.637693410839749,1.262177448353619e-29
1002,200,34,tan(sin((abs((abs(x))-(cos(x))))+(x))),8.637693410839752,11.606058842809905,10.009045670735498,6.783132530120482,7.0,8.637693410839749,1.262177448353619e-29
1003,200,31,tan(sin((abs((abs(x))-(cos(x))))+(x))),8.637693410839752,12.040396871663527,12.493296321134999,6.715976331360947,7.0,8.637693410839749,1.262177448353619e-29
1004,200,37,tan(sin((abs((abs(x))-(cos(x))))+(x))),8.637693410839752,14.22186004133924,25.81499831742851,6.822085889570552,7.0,8.637693410839749,1.262177448353619e-29
1005,200,29,tan(sin((abs((abs(x))-(cos(x))))+(x))),8.637693410839752,12.817281345586,18.822531686691814,6.830409356725146,7.0,8.637693410839749,1.262177448353619e-29
1006,200,28,tan(sin((abs((abs(x))-(cos(x))))+(x))),8.637693410839752,14.638054984803658,27.314672908197405,6.808139534883721,7.0,8.637693410839749,1.262177448353619e-29
1007,200,35,tan(sin((abs((abs(x))-(cos(x))))+(x))),8.637693410839752,14.182192040182345,26.36302205962335,6.709090909090909,7.0,8.637693410839749,1.262177448353619e-29
1008,200,31,tan(sin((abs((abs(x))-(cos(x))))+(x))),8.637693410839752,13.090786449037584,19.999517157131415,6.846153846153846,7.0,8.637693410839749,1.262177448353619e-29
1009,200,30,tan(sin((abs((abs(x))-(cos(x))))+(x))),8.637693410839752,14.115943477151601,21.17162961942059,6.694117647058824,7.0,8.637693410839749,1.262177448353619e-29
1010,200,34,tan(sin((abs((abs(x))-(cos(x))))+(x))),8.637693410839752,1549.58610029928,19752.24068785241,6.813253012048193,7.0,8.637693410839749,1.262177448353619e-29
1011,200,35,tan(sin((abs((abs(x))-(cos(x))))+(x))),8.637693410839752,12.5600629998914,16.633316558413643,6.83030303030303,7.0,8.637693410839749,1.262177448353619e-29
1012,200,33,tan(sin((abs((abs(x))-(cos(x))))+(x))),8.637693410839752,13.004150158236008,18.542329612332317,6.880239520958084,7.0,8.637693410839749,1.262177448353619e-29
1013,200,27,tan(sin((abs((abs(x))-(cos(x))))+(x))),8.637693410839752,12.786942381777802,16.063539687368213,6.710982658959537,7.0,8.637693410839749,1.262177448353619e-29
1014,200,27,tan(sin((abs((abs(x))-(cos(x))))+(x))),8.637693410839752,12.04118648707548,10.881850109653437,6.734104046242774,7.0,8.637693410839749,1.262177448353619e-29
1015,200,24,tan(sin((abs((abs(x))-(cos(x))))+(x))),8.637693410839752,13.528215684630641,13.894900883367269,6.619318181818182,7.0,8.637693410839749,1.262177448353619e-29
1016,200,29,tan(sin((abs((abs(x))-(cos(x))))+(x))),8.637693410839752,12.173411479546436,10.63030384316028,6.7251461988304095,7.0,8.637693410839749,1.262177448353619e-29
1017,200,32,tan(sin((abs((abs(x))-(cos(x))))+(x))),8.637693410839752,14.968178741082326,29.331134710337736,6.839285714285714,7.0,8.637693410839749,1.262177448353619e-29
1018,200,24,tan(sin((abs((abs(x))-(cos(x))))+(x))),8.637693410839752,14.226328826562144,20.113213266530874,6.556818181818182,7.0,8.637693410839749,1.262177448353619e-29
1019,200,26,tan(sin((abs((abs(x))-(cos(x))))+(x))),8.637693410839752,13.772280555275866,13.65974852303688,6.683908045977011,7.0,8.637693410839749,1.262177448353619e-29
1020,200,25,tan(sin((abs((abs(x))-(cos(x))))+(x))),8.637693410839752,13.774061430329024,20.13359991019498,6.788571428571428,7.0,8.637693410839749,1.262177448353619e-29
1021,200,23,tan(sin((abs((abs(x))-(cos(x))))+(x))),8.637693410839752,15.798192592158388,48.39381091145446,6.740112994350283,7.0,8.637693410839749,1.262177448353619e-29
1022,200,29,tan(sin((abs((abs(x))-(cos(x))))+(x))),8.637693410839752,13.754421527817549,18.3095355968873,6.7368421052631575,7.0,8.637693410839749,1.262177448353619e-29
1023,200,29,tan(sin((abs((abs(x))-(cos(x))))+(x))),8.637693410839752,15.425163474506714,26.544005201025577,6.695906432748538,7.0,8.637693410839749,1.262177448353619e-29
1024,200,35,tan(sin((abs((abs(x))-(cos(x))))+(x))),8.637693410839752,12.169352653974613,10.932773152182069,6.757575757575758,7.0,8.637693410839749,1.262177448353619e-29
1025,200,33,tan(sin((abs((abs(x))-(cos(x))))+(x))),8.637693410839752,13.114053800282571,16.490233571227236,6.74251497005988,7.0,8.637693410839749,1.262177448353619e-29
1026,200,22,tan(sin((abs((abs(x))-(cos(x))))+(x))),8.637693410839752,14.566249197759888,18.50185573748371,6.53932584269663,7.0,8.637693410839749,1.262177448353619e-29
1027,200,29,tan(sin((abs((abs(x))-(cos(x))))+(x))),8.637693410839752,13.849649614248035,19.525814575041302,6.7894736842105265,7.0,8.637693410839749,1.262177448353619e-29
1028,200,29,tan(sin((abs((abs(x))-(cos(x))))+(x))),8.637693410839752,13.962735778705504,22.384074756436743,6.7368421052631575,7.0,8.637693410839749,1.262177448353619e-29
1029,200,26,tan(sin((abs((abs(x))-(cos(x))))+(x))),8.637693410839752,15.840043291467065,35.82783862922043,6.689655172413793,7.0,8.637693410839749,1.262177448353619e-29
1030,200,34,tan(sin((abs((abs(x))-(cos(x))))+(x))),8.637693410839752,12.317817916201237,12.065647694284927,6.765060240963855,7.0,8.637693410839749,1.262177448353619e-29
1031,200,23,tan(sin((abs((abs(x))-(cos(x))))+(x))),8.637693410839752,13.602329004192907,18.365538711500015,6.706214689265536,7.0,8.637693410839749,1.262177448353619e-29
1032,200,33,tan(sin((abs((abs(x))-(cos(x))))+(x))),8.637693410839752,13.348519933466623,18.808689466193098,6.658682634730539,7.0,8.637693410839749,1.262177448353619e-29
1033,200,33,tan(sin((abs((abs(x))-(cos(x))))+(x))),8.637693410839752,13.27349633492831,19.405033868606644,6.730538922155689,7.0,8.637693410839749,1.262177448353619e-29
1034,200,30,tan(sin((abs((abs(x))-(cos(x))))+(x))),8.637693410839752,15.173815196900705,22.76990305734852,6.747058823529412,7.0,8.637693410839749,1.262177448353619e-29
1035,200,20,tan(sin((abs((abs(x))-(cos(x))))+(x))),8.637693410839752,15.333548124429424,28.66375513564068,6.727777777777778,7.0,8.637693410839749,1.262177448353619e-29
1036,200,29,tan(sin((abs((abs(x))-(cos(x))))+(x))),8.637693410839752,14.476616844515354,21.234958934037042,6.754385964912281,7.0,8.637693410839749,1.262177448353619e-29
1037,200,25,tan(sin((abs((abs(x))-(cos(x))))+(x))),8.637693410839752,13.08942983974216,16.188372693546388,6.788571428571428,7.0,8.637693410839749,1.262177448353619e-29
1038,200,24,tan(sin((abs((abs(x))-(cos(x))))+(x))),8.637693410839752,14.154695386951188,20.305433557637198,6.738636363636363,7.0,8.637693410839749,1.262177448353619e-29
1039,200,33,tan(sin((abs((abs(x))-(cos(x))))+(x))),8.637693410839752,12.593954022592836,12.203589578723795,6.868263473053892,7.0,8.637693410839749,1.262177448353619e-29
1040,200,31,tan(sin((abs((abs(x))-(cos(x))))+(x))),8.637693410839752,13.896629891125654,24.54328996948324,6.810650887573964,7.0,8.637693410839749,1.262177448353619e-29
1041,200,23,tan(sin((abs((abs(x))-(cos(x))))+(x))),8.637693410839752,13.812305178730782,21.2975344892117,6.734463276836158,7.0,8.637693410839749,1.262177448353619e-29
1042,200,28,tan(sin((abs((abs(x))-(cos(x))))+(x))),8.637693410839752,13.739677409221091,19.638216567626202,6.796511627906977,7.0,8.637693410839749,1.262177448353619e-29
1043,200,31,tan(sin((abs((abs(x))-(cos(x))))+(x))),8.637693410839752,11.86300940359357,10.661887291514264,6.798816568047338,7.0,8.637693410839749,1.262177448353619e-29
1044,200,22,tan(sin((abs((abs(x))-(cos(x))))+(x))),8.637693410839752,13.615037861898047,17.80847325941219,6.640449438202247,7.0,8.637693410839749,1.262177448353619e-29
1045,200,29,tan(sin((abs((abs(x))-(cos(x))))+(x))),8.637693410839752,14.479396757286256,18.06785930557397,6.719298245614035,7.0,8.637693410839749,1.262177448353619e-29
1046,200,33,tan(sin((abs((abs(x))-(cos(x))))+(x))),8.637693410839752,11.492716185590693,10.636017700557026,6.832335329341317,7.0,8.637693410839749,1.262177448353619e-29
1047,200,35,tan(sin((abs((abs(x))-(cos(x))))+(x))),8.637693410839752,13.546870625368829,15.985337214789336,6.806060606060606,7.0,8.637693410839749,1.262177448353619e-29
1048,200,35,tan(sin((abs((abs(x))-(cos(x))))+(x))),8.637693410839752,12.049875812070674,11.605282089778335,6.8545454545454545,7.0,8.637693410839749,1.262177448353619e-29
1049,200,23,tan(sin((abs((abs(x))-(cos(x))))+(x))),8.637693410839752,33.96879483241021,229.78352085461478,6.7740112994350286,7.0,8.637693410839749,1.262177448353619e-29
1050,200,33,tan(sin((abs((abs(x))-(cos(x))))+(x))),8.637693410839752,13.123253181015615,18.523562237169166,6.81437125748503,7.0,8.637693410839749,1.262177448353619e-29
1051,200,36,tan(sin((abs((abs(x))-(cos(x))))+(x))),8.637693410839752,11.683668785437852,10.343968189326395,6.786585365853658,7.0,8.637693410839749,1.262177448353619e-29
1052,200,34,tan(sin((abs((abs(x))-(cos(x))))+(x))),8.637693410839752,12.771577198175798,18.091432743069323,6.885542168674699,7.0,8.637693410839749,1.262177448353619e-29
1053,200,31,tan(sin((abs((abs(x))-(cos(x))))+(x))),8.637693410839752,13.548209372041358,18.67763801771153,6.686390532544379,7.0,8.637693410839749,1.262177448353619e-29
1054,200,28,tan(sin((abs((abs(x))-(cos(x))))+(x))),8.637693410839752,13.557114137809549,13.622206950292663,6.8023255813953485,7.0,8.637693410839749,1.262177448353619e-29
1055,200,21,tan(sin((abs((abs(x))-(cos(x))))+(x))),8.637693410839752,13.737480101732032,16.893024234884525,6.687150837988827,7.0,8.637693410839749,1.262177448353619e-29
1056,200,20,tan(sin((abs((abs(x))-(cos(x))))+(x))),8.637693410839752,15.587186273200006,23.12316110687173,6.594444444444444,7.0,8.637693410839749,1.262177448353619e-29
1057,200,31,tan(sin((abs((abs(x))-(cos(x))))+(x))),8.637693410839752,15.552628498438981,21.87752383404652,6.520710059171598,7.0,8.637693410839749,1.262177448353619e-29
1058,200,23,tan(sin((abs((abs(x))-(cos(x))))+(x))),8.637693410839752,17.623758052589334,40.117414990238075,6.7740112994350286,7.0,8.637693410839749,1.262177448353619e-29
1059,200,34,tan(sin((abs((abs(x))-(cos(x))))+(x))),8.637693410839752,12.209563432078236,13.519948896337453,6.662650602409639,7.0,8.637693410839749,1.262177448353619e-29
1060,200,26,tan(sin((abs((abs(x))-(cos(x))))+(x))),8.637693410839752,13.945300075403958,16.541668779865866,6.597701149425287,7.0,8.637693410839749,1.262177448353619e-29
1061,200,23,tan(sin((abs((abs(x))-(cos(x))))+(x))),8.637693410839752,14.023942743692961,17.355243699438425,6.5141242937853105,7.0,8.637693410839749,1.262177448353619e-29
1062,200,31,tan(sin((abs((abs(x))-(cos(x))))+(x))),8.637693410839752,12.358613190668741,12.155691537303923,6.6982248520710055,7.0,8.637693410839749,1.262177448353619e-29
1063,200,26,tan(sin((abs((abs(x))-(cos(x))))+(x))),8.637693410839752,14.290779406966172,20.573114031255713,6.557471264367816,7.0,8.637693410839749,1.262177448353619e-29
1064,200,25,tan(sin((abs((abs(x))-(cos(x))))+(x))),8.637693410839752,14.293587834273241,22.77803571287585,6.68,7.0,8.637693410839749,1.262177448353619e-29
1065,200,30,tan(sin((abs((abs(x))-(cos(x))))+(x))),8.637693410839752,16.190007719713087,44.5448117469826,6.758823529411765,7.0,8.637693410839749,1.262177448353619e-29
1066,200,34,tan(sin((abs((abs(x))-(cos(x))))+(x))),8.637693410839752,12.459266587598632,11.285577364175452,6.789156626506024,7.0,8.637693410839749,1.262177448353619e-29
1067,200,31,tan(sin((abs((abs(x))-(cos(x))))+(x))),8.637693410839752,12.945733628098104,19.06093924179054,6.810650887573964,7.0,8.637693410839749,1.262177448353619e-29
1068,200,29,tan(sin((abs((abs(x))-(cos(x))))+(x))),8.637693410839752,17.17413535814537,53.77707609123247,6.730994152046784,7.0,8.637693410839749,1.262177448353619e-29
1069,200,30,tan(sin((abs((abs(x))-(cos(x))))+(x))),8.637693410839752,29.91247791013596,234.32440899891466,6.8,7.0,8.637693410839749,1.262177448353619e-29
1070,200,30,tan(sin((abs((abs(x))-(cos(x))))+(x))),8.637693410839752,11.572063146806002,16.008078433264757,6.905882352941177,7.0,8.637693410839749,1.262177448353619e-29
1071,200,27,tan(sin((abs((abs(x))-(cos(x))))+(x))),8.637693410839752,12.665039007544106,17.417938587695357,6.77456647398844,7.0,8.637693410839749,1.262177448353619e-29
1072,200,27,tan(sin((abs((abs(x))-(cos(x))))+(x))),8.637693410839752,11.731676074453153,9.770930062647146,6.791907514450867,7.0,8.637693410839749,1.262177448353619e-29
1073,200,27,tan(sin((abs((abs(x))-(cos(x))))+(x))),8.637693410839752,11.908544098661444,15.409360664940385,6.826589595375722,7.0,8.637693410839749,1.262177448353619e-29
1074,200,33,tan(sin((abs((abs(x))-(cos(x))))+(x))),8.637693410839752,12.306557116030117,13.612483357237917,6.796407185628743,7.0,8.637693410839749,1.262177448353619e-29
1075,200,29,tan(sin((abs((abs(x))-(cos(x))))+(x))),8.637693410839752,14.131987561101536,20.555932095398017,6.690058479532164,7.0,8.637693410839749,1.262177448353619e-29
1076,200,23,tan(sin((abs((abs(x))-(cos(x))))+(x))),8.637693410839752,15.136729701634867,33.72507669643026,6.728813559322034,7.0,8.637693410839749,1.262177448353619e-29
1077,200,32,tan(sin((abs((abs(x))-(cos(x))))+(x))),8.637693410839752,12.213852175979783,12.313366270570862,6.803571428571429,7.0,8.637693410839749,1.262177448353619e-29
1078,200,23,tan(sin((abs((abs(x))-(cos(x))))+(x))),8.637693410839752,14.696946518243474,27.726157013084606,6.757062146892656,7.0,8.637693410839749,1.262177448353619e-29
1079,200,30,tan(sin((abs((abs(x))-(cos(x))))+(x))),8.637693410839752,12.49144542679086,17.766986718700974,6.870588235294117,7.0,8.637693410839749,1.262177448353619e-29
1080,200,27,tan(sin((abs((abs(x))-(cos(x))))+(x))),8.637693410839752,13.204637471402675,17.402963462635658,6.710982658959537,7.0,8.637693410839749,1.262177448353619e-29
1081,200,27,tan(sin((abs((abs(x))-(cos(x))))+(x))),8.637693410839752,12.708265217020637,12.480301521398022,6.728323699421965,7.0,8.637693410839749,1.262177448353619e-29
1082,200,26,tan(sin((abs((abs(x))-(cos(x))))+(x))),8.637693410839752,16.406967774679135,33.495691361360954,6.706896551724138,7.0,8.637693410839749,1.262177448353619e-29
1083,200,22,tan(sin((abs((abs(x))-(cos(x))))+(x))),8.637693410839752,15.264137556567396,22.190812610255925,6.612359550561798,7.0,8.637693410839749,1.262177448353619e-29
1084,200,36,tan(sin((abs((abs(x))-(cos(x))))+(x))),8.637693410839752,14.731352777586352,31.170244826132983,6.853658536585366,7.0,8.637693410839749,1.262177448353619e-29
1085,200,31,tan(sin((abs((abs(x))-(cos(x))))+(x))),8.637693410839752,12.155409206653081,16.756180127326076,6.8579881656804735,7.0,8.637693410839749,1.262177448353619e-29
1086,200,29,tan(sin((abs((abs(x))-(cos(x))))+(x))),8.637693410839752,14.58376086956468,22.4508665938928,6.5321637426900585,7.0,8.637693410839749,1.262177448353619e-29
1087,200,29,tan(sin((abs((abs(x))-(cos(x))))+(x))),8.637693410839752,11.607523686776354,10.520355565339655,6.766081871345029,7.0,8.637693410839749,1.262177448353619e-29
1088,200,34,tan(sin((abs((abs(x))-(cos(x))))+(x))),8.637693410839752,13.934250699276483,22.002996051021206,6.765060240963855,7.0,8.637693410839749,1.262177448353619e-29
1089,200,19,tan(sin((abs((abs(x))-(cos(x))))+(x))),8.637693410839752,14.236478324049756,15.18207019245064,6.629834254143646,7.0,8.637693410839749,1.262177448353619e-29
1090,200,33,tan(sin((abs((abs(x))-(cos(x))))+(x))),8.637693410839752,12.229456151201282,13.168587521183232,6.862275449101796,7.0,8.637693410839749,1.262177448353619e-29
1091,200,29,tan(sin((abs((abs(x))-(cos(x))))+(x))),8.637693410839752,14.366037073032913,21.326776343188364,6.7894736842105265,7.0,8.637693410839749,1.262177448353619e-29
1092,200,33,tan(sin((abs((abs(x))-(cos(x))))+(x))),8.637693410839752,31.49786062274773,234.90777450307888,6.640718562874252,7.0,8.637693410839749,1.262177448353619e-29
1093,200,29,tan(sin((abs((abs(x))-(cos(x))))+(x))),8.637693410839752,15.947140450913336,21.178024722829917,6.707602339181286,7.0,8.637693410839749,1.262177448353619e-29
1094,200,29,tan(sin((abs((abs(x))-(cos(x))))+(x))),8.637693410839752,14.420401165107561,18.279459117060053,6.631578947368421,7.0,8.637693410839749,1.262177448353619e-29
1095,200,29,tan(sin((abs((abs(x))-(cos(x))))+(x))),8.637693410839752,11.68128659537923,11.15802214566779,6.742690058479532,7.0,8.637693410839749,1.262177448353619e-29
1096,200,30,tan(sin((abs((abs(x))-(cos(x))))+(x))),8.637693410839752,13.720885729933455,19.436134296119036,6.876470588235295,7.0,8.637693410839749,1.262177448353619e-29
1097,200,32,tan(sin((abs((abs(x))-(cos(x))))+(x))),8.637693410839752,13.93479348567471,19.52240265206638,6.845238095238095,7.0,8.637693410839749,1.262177448353619e-29
1098,200,32,tan(sin((abs((abs(x))-(cos(x))))+(x))),8.637693410839752,13.498288036724132,18.527876325749475,6.791666666666667,7.0,8.637693410839749,1.262177448353619e-29
1099,200,27,tan(sin((abs((abs(x))-(cos(x))))+(x))),8.637693410839752,13.121847949284392,16.114221684941427,6.578034682080925,7.0,8.637693410839749,1.262177448353619e-29
1100,200,29,tan(sin((abs((abs(x))-(cos(x))))+(x))),8.637693410839752,15.034276888394738,22.80424736261731,6.654970760233918,7.0,8.637693410839749,1.262177448353619e-29
1101,200,26,tan(sin((abs((abs(x))-(cos(x))))+(x))),8.637693410839752,14.935166710051083,22.88375118669797,6.517241379310345,7.0,8.637693410839749,1.262177448353619e-29
1102,200,34,tan(sin((abs((abs(x))-(cos(x))))+(x))),8.637693410839752,13.460132309164525,18.47645474359118,6.801204819277109,7.0,8.637693410839749,1.262177448353619e-29
1103,200,24,tan(sin((abs((abs(x))-(cos(x))))+(x))),8.637693410839752,12.557755738745804,17.260764727841842,6.755681818181818,7.0,8.637693410839749,1.262177448353619e-29
1104,200,27,tan(sin((abs((abs(x))-(cos(x))))+(x))),8.637693410839752,14.223515202647091,18.883051967431406,6.664739884393064,7.0,8.637693410839749,1.262177448353619e-29
1105,200,28,tan(sin((abs((abs(x))-(cos(x))))+(x))),8.637693410839752,16.373417519863327,24.36810274804727,6.587209302325581,7.0,8.637693410839749,1.262177448353619e-29
1106,200,36,tan(sin((abs((abs(x))-(cos(x))))+(x))),8.637693410839752,13.6193431685111,17.85583891951783,6.7439024390243905,7.0,8.637693410839749,1.262177448353619e-29
1107,200,27,tan(sin((abs((abs(x))-(cos(x))))+(x))),8.637693410839752,30.92770953042769,230.1696457425429,6.687861271676301,7.0,8.637693410839749,1.262177448353619e-29
1108,200,29,tan(sin((abs((abs(x))-(cos(x))))+(x))),8.637693410839752,12.06286006714786,11.697030831442166,6.754385964912281,7.0,8.637693410839749,1.262177448353619e-29
1109,200,33,tan(sin((abs((abs(x))-(cos(x))))+(x))),8.637693410839752,14.722711432468294,22.71938942957393,6.790419161676646,7.0,8.637693410839749,1.262177448353619e-29
1110,200,33,tan(sin((abs((abs(x))-(cos(x))))+(x))),8.637693410839752,12.163282806250805,12.181832211455255,6.880239520958084,7.0,8.637693410839749,1.262177448353619e-29
1111,200,32,tan(sin((abs((abs(x))-(cos(x))))+(x))),8.637693410839752,13.15981547801982,22.537547362205512,6.732142857142857,7.0,8.637693410839749,1.262177448353619e-29
1112,200,26,tan(sin((abs((abs(x))-(cos(x))))+(x))),8.637693410839752,14.032634077557605,23.635858788697583,6.747126436781609,7.0,8.637693410839749,1.262177448353619e-29
1113,200,27,tan(sin((abs((abs(x))-(cos(x))))+(x))),8.637693410839752,12.91376949730094,17.303072785372418,6.7514450867052025,7.0,8.637693410839749,1.262177448353619e-29
1114,200,32,tan(sin((abs((abs(x))-(cos(x))))+(x))),8.637693410839752,13.35604058663967,19.898880931797045,6.744047619047619,7.0,8.637693410839749,1.262177448353619e-29
1115,200,32,tan(sin((abs((abs(x))-(cos(x))))+(x))),8.637693410839752,14.148966403230428,21.17374538547057,6.660714285714286,7.0,8.637693410839749,1.262177448353619e-29
1116,200,30,tan(sin((abs((abs(x))-(cos(x))))+(x))),8.637693410839752,13.160961428745486,16.767224343172614,6.6647058823529415,7.0,8.637693410839749,1.262177448353619e-29
1117,200,27,tan(sin((abs((abs(x))-(cos(x))))+(x))),8.637693410839752,13.51821594283126,13.542884646312539,6.618497109826589,7.0,8.637693410839749,1.262177448353619e-29
1118,200,38,tan(sin((abs((abs(x))-(cos(x))))+(x))),8.637693410839752,12.673697276083233,16.106727665410094,6.648148148148148,7.0,8.637693410839749,1.262177448353619e-29
1119,200,28,tan(sin((abs((abs(x))-(cos(x))))+(x))),8.637693410839752,15.547703636723092,24.948591219237834,6.691860465116279,7.0,8.637693410839749,1.262177448353619e-29
1120,200,27,tan(sin((abs((abs(x))-(cos(x))))+(x))),8.637693410839752,13.142982693731877,16.481391852866178,6.803468208092486,7.0,8.637693410839749,1.262177448353619e-29
1121,200,21,tan(sin((abs((abs(x))-(cos(x))))+(x))),8.637693410839752,14.751406257169913,40.39651817135498,6.76536312849162,7.0,8.637693410839749,1.262177448353619e-29
1122,200,26,tan(sin((abs((abs(x))-(cos(x))))+(x))),8.637693410839752,13.450349345276736,24.407642084636894,6.655172413793103,7.0,8.637693410839749,1.262177448353619e-29
1123,200,24,tan(sin((abs((abs(x))-(cos(x))))+(x))),8.637693410839752,14.683173732586356,31.558536510621977,6.801136363636363,7.0,8.637693410839749,1.262177448353619e-29
1124,200,26,tan(sin((abs((abs(x))-(cos(x))))+(x))),8.637693410839752,13.621184081993665,23.52362621225482,6.7988505747126435,7.0,8.637693410839749,1.262177448353619e-29
1125,200,23,tan(sin((abs((abs(x))-(cos(x))))+(x))),8.637693410839752,15.20288362706892,28.100580682438164,6.570621468926554,7.0,8.637693410839749,1.262177448353619e-29
1126,200,32,tan(sin((abs((abs(x))-(cos(x))))+(x))),8.637693410839752,14.241670423537506,17.62097651625855,6.869047619047619,7.0,8.637693410839749,1.262177448353619e-29
1127,200,35,tan(sin((abs((abs(x))-(cos(x))))+(x))),8.637693410839752,13.484621993077686,22.43029597724462,6.781818181818182,7.0,8.637693410839749,1.262177448353619e-29
1128,200,36,tan(sin((abs((abs(x))-(cos(x))))+(x))),8.637693410839752,17.29891393463712,40.95878360401842,6.719512195121951,7.0,8.637693410839749,1.262177448353619e-29
1129,200,30,tan(sin((abs((abs(x))-(cos(x))))+(x))),8.637693410839752,15.542006433494857,29.981291648068762,6.841176470588235,7.0,8.637693410839749,1.262177448353619e-29
1130,200,24,tan(sin((abs((abs(x))-(cos(x))))+(x))),8.637693410839752,15.617555739186418,25.861098071832696,6.704545454545454,7.0,8.637693410839749,1.262177448353619e-29
1131,200,25,tan(sin((abs((abs(x))-(cos(x))))+(x))),8.637693410839752,16.66401992798288,22.402336193133557,6.771428571428571,7.0,8.637693410839749,1.262177448353619e-29
1132,200,35,tan(sin((abs((abs(x))-(cos(x))))+(x))),8.637693410839752,14.437434145246744,22.568281427202066,6.763636363636364,7.0,8.637693410839749,1.262177448353619e-29
1133,200,24,tan(sin((abs((abs(x))-(cos(x))))+(x))),8.637693410839752,14.971693227797319,31.990492343918987,6.676136363636363,7.0,8.637693410839749,1.262177448353619e-29
1134,200,27,tan(sin((abs((abs(x))-(cos(x))))+(x))),8.637693410839752,13.932110722601557,18.748174915201524,6.630057803468208,7.0,8.637693410839749,1.262177448353619e-29
1135,200,34,tan(sin((abs((abs(x))-(cos(x))))+(x))),8.637693410839752,13.025838821211075,18.8443331664707,6.873493975903615,7.0,8.637693410839749,1.262177448353619e-29
1136,200,32,tan(sin((abs((abs(x))-(cos(x))))+(x))),8.637693410839752,16.013405569291145,34.83472634549317,6.684523809523809,7.0,8.637693410839749,1.262177448353619e-29
1137,200,29,tan(sin((abs((abs(x))-(cos(x))))+(x))),8.637693410839752,13.437392337454224,23.821297108513054,6.8654970760233915,7.0,8.637693410839749,1.262177448353619e-29
1138,200,30,tan(sin((abs((abs(x))-(cos(x))))+(x))),8.637693410839752,12.252335562088057,11.877904778155862,6.764705882352941,7.0,8.637693410839749,1.262177448353619e-29
1139,200,26,tan(sin((abs((abs(x))-(cos(x))))+(x))),8.637693410839752,13.598228976246196,24.72163528220582,6.775862068965517,7.0,8.637693410839749,1.262177448353619e-29
1140,200,34,tan(sin((abs((abs(x))-(cos(x))))+(x))),8.637693410839752,14.05324181491775,29.60662260226089,6.819277108433735,7.0,8.637693410839749,1.262177448353619e-29
1141,200,37,tan(sin((abs((abs(x))-(cos(x))))+(x))),8.637693410839752,12.28220670714439,16.153656410656332,6.901840490797546,7.0,8.637693410839749,1.262177448353619e-29
1142,200,26,tan(sin((abs((abs(x))-(cos(x))))+(x))),8.637693410839752,14.883333595789269,20.513023929834798,6.781609195402299,7.0,8.637693410839749,1.262177448353619e-29
1143,200,32,tan(sin((abs((abs(x))-(cos(x))))+(x))),8.637693410839752,13.38567903408928,17.21104093752991,6.726190476190476,7.0,8.637693410839749,1.262177448353619e-29
1144,200,37,tan(sin((abs((abs(x))-(cos(x))))+(x))),8.637693410839752,12.147461917512494,12.04079889605496,6.895705521472393,7.0,8.637693410839749,1.262177448353619e-29
1145,200,31,tan(sin((abs((abs(x))-(cos(x))))+(x))),8.637693410839752,13.169478874788032,17.23419139018142,6.792899408284024,7.0,8.637693410839749,1.262177448353619e-29
1146,200,29,tan(sin((abs((abs(x))-(cos(x))))+(x))),8.637693410839752,13.194187059072902,16.552549749253867,6.713450292397661,7.0,8.637693410839749,1.262177448353619e-29
1147,200,34,tan(sin((abs((abs(x))-(cos(x))))+(x))),8.637693410839752,13.151130592966465,21.533975957710933,6.759036144578313,7.0,8.637693410839749,1.262177448353619e-29
1148,200,33,tan(sin((abs((abs(x))-(cos(x))))+(x))),8.637693410839752,11.112476693675603,9.431779275849147,6.8562874251497,7.0,8.637693410839749,1.262177448353619e-29
1149,200,25,tan(sin((abs((abs(x))-(cos(x))))+(x))),8.637693410839752,14.622713267353172,21.91498021887857,6.6971428571428575,7.0,8.637693410839749,1.262177448353619e-29
1150,200,31,tan(sin((abs((abs(x))-(cos(x))))+(x))),8.637693410839752,11.555523182129349,9.47651519471803,6.733727810650888,7.0,8.637693410839749,1.262177448353619e-29
1151,200,24,tan(sin((abs((abs(x))-(cos(x))))+(x))),8.637693410839752,22.427485342201045,105.78429617899222,6.653409090909091,7.0,8.637693410839749,1.262177448353619e-29
1152,200,26,tan(sin((abs((abs(x))-(cos(x))))+(x))),8.637693410839752,13.14508366318738,17.313043944634604,6.614942528735632,7.0,8.637693410839749,1.262177448353619e-29
1153,200,32,tan(sin((abs((abs(x))-(cos(x))))+(x))),8.637693410839752,14.19043790610763,27.30856846729479,6.809523809523809,7.0,8.637693410839749,1.262177448353619e-29
1154,200,23,tan(sin((abs((abs(x))-(cos(x))))+(x))),8.637693410839752,13.920925400464775,14.927748129873255,6.559322033898305,7.0,8.637693410839749,1.262177448353619e-29
1155,200,33,tan(sin((abs((abs(x))-(cos(x))))+(x))),8.637693410839752,12.827320587114054,15.968285441779633,6.724550898203593,7.0,8.637693410839749,1.262177448353619e-29
1156,200,32,tan(sin((abs((abs(x))-(cos(x))))+(x))),8.637693410839752,11.583705997939173,10.075142812094473,6.773809523809524,7.0,8.637693410839749,1.262177448353619e-29
1157,200,30,tan(sin((abs((abs(x))-(cos(x))))+(x))),8.637693410839752,10.734532686161677,8.19061464870324,6.764705882352941,7.0,8.637693410839749,1.262177448353619e-29
1158,200,25,tan(sin((abs((abs(x))-(cos(x))))+(x))),8.637693410839752,12.204251840608658,13.107843808244327,6.691428571428571,7.0,8.637693410839749,1.262177448353619e-29
1159,200,33,tan(sin((abs((abs(x))-(cos(x))))+(x))),8.637693410839752,12.6080155918451,14.38840637112831,6.712574850299402,7.0,8.637693410839749,1.262177448353619e-29
1160,200,26,tan(sin((abs((abs(x))-(cos(x))))+(x))),8.637693410839752,19.1392235403759,49.83867122259697,6.689655172413793,7.0,8.637693410839749,1.262177448353619e-29
1161,200,32,tan(sin((abs((abs(x))-(cos(x))))+(x))),8.637693410839752,12.681076360558713,17.109726935489864,6.833333333333333,7.0,8.637693410839749,1.262177448353619e-29
1162,200,31,tan(sin((abs((abs(x))-(cos(x))))+(x))),8.637693410839752,15.458658639951953,37.572440506577784,6.65680473372781,7.0,8.637693410839749,1.262177448353619e-29
1163,200,21,tan(sin((abs((abs(x))-(cos(x))))+(x))),8.637693410839752,18.25918620293897,39.977237731329026,6.5363128491620115,7.0,8.637693410839749,1.262177448353619e-29
1164,200,21,tan(sin((abs((abs(x))-(cos(x))))+(x))),8.637693410839752,15.975588397487027,30.40554801289328,6.664804469273743,7.0,8.637693410839749,1.262177448353619e-29
1165,200,32,tan(sin((abs((abs(x))-(cos(x))))+(x))),8.637693410839752,12.599741568133032,21.407837042586653,6.863095238095238,7.0,8.637693410839749,1.262177448353619e-29
1166,200,25,tan(sin((abs((abs(x))-(cos(x))))+(x))),8.637693410839752,13.644080970996972,18.275970725039738,6.702857142857143,7.0,8.637693410839749,1.262177448353619e-29
1167,200,24,tan(sin((abs((abs(x))-(cos(x))))+(x))),8.637693410839752,14.19567010726319,21.647843213735467,6.681818181818182,7.0,8.637693410839749,1.262177448353619e-29
1168,200,25,tan(sin((abs((abs(x))-(cos(x))))+(x))),8.637693410839752,17.7103154866045,39.63820377201398,6.651428571428571,7.0,8.637693410839749,1.262177448353619e-29
1169,200,27,tan(sin((abs((abs(x))-(cos(x))))+(x))),8.637693410839752,13.194719695406022,13.963586377289634,6.69364161849711,7.0,8.637693410839749,1.262177448353619e-29
1170,200,27,tan(sin((abs((abs(x))-(cos(x))))+(x))),8.637693410839752,16.360076887450322,38.37320968966965,6.635838150289017,7.0,8.637693410839749,1.262177448353619e-29
1171,200,29,tan(sin((abs((abs(x))-(cos(x))))+(x))),8.637693410839752,14.453663006633144,17.105980819426694,6.818713450292398,7.0,8.637693410839749,1.262177448353619e-29
1172,200,27,tan(sin((abs((abs(x))-(cos(x))))+(x))),8.637693410839752,12.37983054049061,19.972812823233408,6.77456647398844,7.0,8.637693410839749,1.262177448353619e-29
1173,200,23,tan(sin((abs((abs(x))-(cos(x))))+(x))),8.637693410839752,14.170593948249328,15.264034361091618,6.655367231638418,7.0,8.637693410839749,1.262177448353619e-29
1174,200,33,tan(sin((abs((abs(x))-(cos(x))))+(x))),8.637693410839752,14.523097491345643,23.3802905171247,6.736526946107785,7.0,8.637693410839749,1.262177448353619e-29
1175,200,28,tan(sin((abs((abs(x))-(cos(x))))+(x))),8.637693410839752,11.986718072196716,16.71970912313428,6.738372093023256,7.0,8.637693410839749,1.262177448353619e-29
1176,200,26,tan(sin((abs((abs(x))-(cos(x))))+(x))),8.637693410839752,13.60992164217306,20.18051570251008,6.764367816091954,7.0,8.637693410839749,1.262177448353619e-29
1177,200,34,tan(sin((abs((abs(x))-(cos(x))))+(x))),8.637693410839752,13.249602593741372,15.226228102272593,6.734939759036145,7.0,8.637693410839749,1.262177448353619e-29
1178,200,29,tan(sin((abs((abs(x))-(cos(x))))+(x))),8.637693410839752,13.250130409151994,18.548334920950644,6.713450292397661,7.0,8.637693410839749,1.262177448353619e-29
1179,200,27,tan(sin((abs((abs(x))-(cos(x))))+(x))),8.637693410839752,13.061738837712163,22.456458829982186,6.7398843930635834,7.0,8.637693410839749,1.262177448353619e-29
1180,200,32,tan(sin((abs((abs(x))-(cos(x))))+(x))),8.637693410839752,13.166228085715554,21.661074025968503,6.7976190476190474,7.0,8.637693410839749,1.262177448353619e-29
1181,200,24,tan(sin((abs((abs(x))-(cos(x))))+(x))),8.637693410839752,22.727188550631315,99.00497556967795,6.8352272727272725,7.0,8.637693410839749,1.262177448353619e-29
1182,200,24,tan(sin((abs((abs(x))-(cos(x))))+(x))),8.637693410839752,15.464777646270921,28.178097425141942,6.693181818181818,7.0,8.637693410839749,1.262177448353619e-29
1183,200,33,tan(sin((abs((abs(x))-(cos(x))))+(x))),8.637693410839752,12.313970996310886,11.506606437277586,6.700598802395209,7.0,8.637693410839749,1.262177448353619e-29
1184,200,34,tan(sin((abs((abs(x))-(cos(x))))+(x))),8.637693410839752,12.083087124592703,11.398545020497929,6.72289156626506,7.0,8.637693410839749,1.262177448353619e-29
1185,200,22,tan(sin((abs((abs(x))-(cos(x))))+(x))),8.637693410839752,20.2539728026414,85.83053720189695,6.573033707865169,7.0,8.637693410839749,1.262177448353619e-29
1186,200,26,tan(sin((abs((abs(x))-(cos(x))))+(x))),8.637693410839752,12.859995743629066,16.525447877704185,6.816091954022989,7.0,8.637693410839749,1.262177448353619e-29
1187,200,31,tan(sin((abs((abs(x))-(cos(x))))+(x))),8.637693410839752,12.654835871221453,12.335893770335131,6.72189349112426,7.0,8.637693410839749,1.262177448353619e-29
1188,200,31,tan(sin((abs((abs(x))-(cos(x))))+(x))),8.637693410839752,13.024887664678907,19.794154043836592,6.834319526627219,7.0,8.637693410839749,1.262177448353619e-29
1189,200,32,tan(sin((abs((abs(x))-(cos(x))))+(x))),8.637693410839752,12.54850093267922,15.425132639443977,6.726190476190476,7.0,8.637693410839749,1.262177448353619e-29
1190,200,35,tan(sin((abs((abs(x))-(cos(x))))+(x))),8.637693410839752,11.08291861058317,8.938171141058417,6.890909090909091,7.0,8.637693410839749,1.262177448353619e-29
1191,200,27,tan(sin((abs((abs(x))-(cos(x))))+(x))),8.637693410839752,13.506990022013747,17.16283651990945,6.624277456647399,7.0,8.637693410839749,1.262177448353619e-29
1192,200,31,tan(sin((abs((abs(x))-(cos(x))))+(x))),8.637693410839752,12.40928725036554,15.51969982995153,6.810650887573964,7.0,8.637693410839749,1.262177448353619e-29
1193,200,24,tan(sin((abs((abs(x))-(cos(x))))+(x))),8.637693410839752,14.99942348403212,21.366256439881028,6.625,7.0,8.637693410839749,1.262177448353619e-29
1194,200,27,tan(sin((abs((abs(x))-(cos(x))))+(x))),8.637693410839752,14.05630821696012,21.571400676352084,6.757225433526012,7.0,8.637693410839749,1.262177448353619e-29
1195,200,34,tan(sin((abs((abs(x))-(cos(x))))+(x))),8.637693410839752,12.46034070177553,16.14887518302034,6.716867469879518,7.0,8.637693410839749,1.262177448353619e-29
1196,200,34,tan(sin((abs((abs(x))-(cos(x))))+(x))),8.637693410839752,16.681316524181955,61.24056384366924,6.921686746987952,7.0,8.637693410839749,1.262177448353619e-29
1197,200,31,tan(sin((abs((abs(x))-(cos(x))))+(x))),8.637693410839752,14.190498116823003,20.118607029665867,6.686390532544379,7.0,8.637693410839749,1.262177448353619e-29
1198,200,27,tan(sin((abs((abs(x))-(cos(x))))+(x))),8.637693410839752,13.929572961109185,17.254158923562926,6.682080924855492,7.0,8.637693410839749,1.262177448353619e-29
1199,200,21,tan(sin((abs((abs(x))-(cos(x))))+(x))),8.637693410839752,13.919847982941441,22.480703909639022,6.687150837988827,7.0,8.637693410839749,1.262177448353619e-29
1200,200,27,tan(sin((abs((abs(x))-(cos(x))))+(x))),8.637693410839752,12.359288710849354,11.629366864158483,6.7514450867052025,7.0,8.637693410839749,1.262177448353619e-29
1201,200,30,tan(sin((abs((abs(x))-(cos(x))))+(x))),8.637693410839752,13.307394383245562,16.34973655248559,6.7176470588235295,7.0,8.637693410839749,1.262177448353619e-29
1202,200,31,tan(sin((abs((abs(x))-(cos(x))))+(x))),8.637693410839752,13.777610123186264,21.139209149267128,6.763313609467455,7.0,8.637693410839749,1.262177448353619e-29
1203,200,32,tan(sin((abs((abs(x))-(cos(x))))+(x))),8.637693410839752,13.939829644292017,24.770643333218967,6.815476190476191,7.0,8.637693410839749,1.262177448353619e-29
1204,200,28,tan(sin((abs((abs(x))-(cos(x))))+(x))),8.637693410839752,16.061721699229324,27.055114008244676,6.662790697674419,7.0,8.637693410839749,1.262177448353619e-29
1205,200,27,tan(sin((abs((abs(x))-(cos(x))))+(x))),8.637693410839752,16.367211493405392,34.869009690953185,6.716763005780347,7.0,8.637693410839749,1.262177448353619e-29
1206,200,26,tan(sin((abs((abs(x))-(cos(x))))+(x))),8.637693410839752,12.633229315102874,12.225599693158843,6.781609195402299,7.0,8.637693410839749,1.262177448353619e-29
1207,200,30,tan(sin((abs((abs(x))-(cos(x))))+(x))),8.637693410839752,14.23554619489919,21.10813795737093,6.670588235294118,7.0,8.637693410839749,1.262177448353619e-29
1208,200,29,tan(sin((abs((abs(x))-(cos(x))))+(x))),8.637693410839752,13.448706242147862,18.503969588364903,6.695906432748538,7.0,8.637693410839749,1.262177448353619e-29
1209,200,23,tan(sin((abs((abs(x))-(cos(x))))+(x))),8.637693410839752,13.150093001323626,18.20125469274137,6.711864406779661,7.0,8.637693410839749,1.262177448353619e-29
1210,200,28,tan(sin((abs((abs(x))-(cos(x))))+(x))),8.637693410839752,12.10637733502532,12.275549380132828,6.674418604651163,7.0,8.637693410839749,1.262177448353619e-29
1211,200,25,tan(sin((abs((abs(x))-(cos(x))))+(x))),8.637693410839752,16.063779885876244,26.64191061931504,6.777142857142858,7.0,8.637693410839749,1.262177448353619e-29
1212,200,26,tan(sin((abs((abs(x))-(cos(x))))+(x))),8.637693410839752,12.99010398878185,12.548648125845297,6.718390804597701,7.0,8.637693410839749,1.262177448353619e-29
1213,200,28,tan(sin((abs((abs(x))-(cos(x))))+(x))),8.637693410839752,32.40327722427738,232.48913954300158,6.569767441860465,7.0,8.637693410839749,1.262177448353619e-29
1214,200,31,tan(sin((abs((abs(x))-(cos(x))))+(x))),8.637693410839752,30.28813987207487,234.11614921209758,6.757396449704142,7.0,8.637693410839749,1.262177448353619e-29
1215,200,31,tan(sin((abs((abs(x))-(cos(x))))+(x))),8.637693410839752,13.44233890533881,22.34160373227553,6.816568047337278,7.0,8.637693410839749,1.262177448353619e-29
1216,200,21,tan(sin((abs((abs(x))-(cos(x))))+(x))),8.637693410839752,12.33565561924538,12.043074660902684,6.64245810055866,7.0,8.637693410839749,1.262177448353619e-29
1217,200,34,tan(sin((abs((abs(x))-(cos(x))))+(x))),8.637693410839752,12.541990596362266,16.418506272011445,6.837349397590361,7.0,8.637693410839749,1.262177448353619e-29
1218,200,28,tan(sin((abs((abs(x))-(cos(x))))+(x))),8.637693410839752,12.834168474682178,16.583545650471724,6.8023255813953485,7.0,8.637693410839749,1.262177448353619e-29
1219,200,24,tan(sin((abs((abs(x))-(cos(x))))+(x))),8.637693410839752,13.715175377839271,16.509472078095015,6.670454545454546,7.0,8.637693410839749,1.262177448353619e-29
1220,200,29,tan(sin((abs((abs(x))-(cos(x))))+(x))),8.637693410839752,13.320730365321372,15.868966479462976,6.719298245614035,7.0,8.637693410839749,1.262177448353619e-29
1221,200,33,tan(sin((abs((abs(x))-(cos(x))))+(x))),8.637693410839752,15.075752259688171,23.627172572350556,6.634730538922156,7.0,8.637693410839749,1.262177448353619e-29
1222,200,25,tan(sin((abs((abs(x))-(cos(x))))+(x))),8.637693410839752,14.88246468888787,21.98167767888956,6.6971428571428575,7.0,8.637693410839749,1.262177448353619e-29
1223,200,28,tan(sin((abs((abs(x))-(cos(x))))+(x))),8.637693410839752,13.692595780479412,22.31450195208886,6.784883720930233,7.0,8.637693410839749,1.262177448353619e-29
1224,200,29,tan(sin((abs((abs(x))-(cos(x))))+(x))),8.637693410839752,11.608799485541963,9.651378046709802,6.771929824561403,7.0,8.637693410839749,1.262177448353619e-29
1225,200,34,tan(sin((abs((abs(x))-(cos(x))))+(x))),8.637693410839752,14.964921372583735,25.401570806662004,6.710843373493976,7.0,8.637693410839749,1.262177448353619e-29
1226,200,16,tan(sin((abs((abs(x))-(cos(x))))+(x))),8.637693410839752,16.11022680499774,21.18182551924478,6.423913043478261,7.0,8.637693410839749,1.262177448353619e-29
1227,200,23,tan(sin((abs((abs(x))-(cos(x))))+(x))),8.637693410839752,17.96924712852462,39.397700673934686,6.632768361581921,7.0,8.637693410839749,1.262177448353619e-29
1228,200,32,tan(sin((abs((abs(x))-(cos(x))))+(x))),8.637693410839752,18.424468038362352,46.18397356249336,6.744047619047619,7.0,8.637693410839749,1.262177448353619e-29
1229,200,22,tan(sin((abs((abs(x))-(cos(x))))+(x))),8.637693410839752,15.109899270134152,29.187143555479608,6.679775280898877,7.0,8.637693410839749,1.262177448353619e-29
1230,200,29,tan(sin((abs((abs(x))-(cos(x))))+(x))),8.637693410839752,12.500694343778303,18.38964866079718,6.713450292397661,7.0,8.637693410839749,1.262177448353619e-29
1231,200,31,tan(sin((abs((abs(x))-(cos(x))))+(x))),8.637693410839752,12.36530867742361,11.200725647985513,6.775147928994083,7.0,8.637693410839749,1.262177448353619e-29
1232,200,26,tan(sin((abs((abs(x))-(cos(x))))+(x))),8.637693410839752,14.348713619711111,21.73384191921235,6.660919540229885,7.0,8.637693410839749,1.262177448353619e-29
1233,200,24,tan(sin((abs((abs(x))-(cos(x))))+(x))),8.637693410839752,12.54372700989099,17.096017212337742,6.732954545454546,7.0,8.637693410839749,1.262177448353619e-29
1234,200,28,tan(sin((abs((abs(x))-(cos(x))))+(x))),8.637693410839752,11.503666978698881,10.309253123524721,6.872093023255814,7.0,8.637693410839749,1.262177448353619e-29
1235,200,30,tan(sin((abs((abs(x))-(cos(x))))+(x))),8.637693410839752,14.115043579660489,20.476015377276358,6.764705882352941,7.0,8.637693410839749,1.262177448353619e-29
1236,200,29,tan(sin((abs((abs(x))-(cos(x))))+(x))),8.637693410839752,11.466359308960758,10.83946918959315,6.83625730994152,7.0,8.637693410839749,1.262177448353619e-29
1237,200,37,tan(sin((abs((abs(x))-(cos(x))))+(x))),8.637693410839752,13.48321128094932,22.80021462272307,6.822085889570552,7.0,8.637693410839749,1.262177448353619e-29
1238,200,31,tan(sin((abs((abs(x))-(cos(x))))+(x))),8.637693410839752,13.444408478771086,18.49047261125205,6.72189349112426,7.0,8.637693410839749,1.262177448353619e-29
1239,200,31,tan(sin((abs((abs(x))-(cos(x))))+(x))),8.637693410839752,15.03952888036713,24.07904612677383,6.6982248520710055,7.0,8.637693410839749,1.262177448353619e-29
1240,200,25,tan(sin((abs((abs(x))-(cos(x))))+(x))),8.637693410839752,12.989566825335135,16.829568335280488,6.7942857142857145,7.0,8.637693410839749,1.262177448353619e-29
1241,200,23,tan(sin((abs((abs(x))-(cos(x))))+(x))),8.637693410839752,14.652803252778165,17.981795005245996,6.581920903954802,7.0,8.637693410839749,1.262177448353619e-29
1242,200,24,tan(sin((abs((abs(x))-(cos(x))))+(x))),8.637693410839752,15.614080483324647,23.830211280708983,6.613636363636363,7.0,8.637693410839749,1.262177448353619e-29
1243,200,31,tan(sin((abs((abs(x))-(cos(x))))+(x))),8.637693410839752,12.691941325949328,17.750607241125213,6.757396449704142,7.0,8.637693410839749,1.262177448353619e-29
1244,200,29,tan(sin((abs((abs(x))-(cos(x))))+(x))),8.637693410839752,13.881302573187504,23.837166865539114,6.760233918128655,7.0,8.637693410839749,1.262177448353619e-29
1245,200,27,tan(sin((abs((abs(x))-(cos(x))))+(x))),8.637693410839752,13.803997457755745,16.97054710244377,6.705202312138728,7.0,8.637693410839749,1.262177448353619e-29
1246,200,28,tan(sin((abs((abs(x))-(cos(x))))+(x))),8.637693410839752,14.534623384689093,18.13467001700903,6.738372093023256,7.0,8.637693410839749,1.262177448353619e-29
1247,200,25,tan(sin((abs((abs(x))-(cos(x))))+(x))),8.637693410839752,14.314209776926349,22.66573877856802,6.64,7.0,8.637693410839749,1.262177448353619e-29
1248,200,41,tan(sin((abs((abs(x))-(cos(x))))+(x))),8.637693410839752,10.419633500751969,8.432931282617648,6.861635220125786,7.0,8.637693410839749,1.262177448353619e-29
1249,200,34,tan(sin((abs((abs(x))-(cos(x))))+(x))),8.637693410839752,13.415474208431498,19.336498319325667,6.746987951807229,7.0,8.637693410839749,1.262177448353619e-29
1250,200,33,tan(sin((abs((abs(x))-(cos(x))))+(x))),8.637693410839752,14.955367283028382,41.76055036716382,6.820359281437126,7.0,8.637693410839749,1.262177448353619e-29
1251,200,24,tan(sin((abs((abs(x))-(cos(x))))+(x))),8.637693410839752,35.17224812707214,240.0012370818375,6.721590909090909,7.0,8.637693410839749,1.262177448353619e-29
1252,200,30,tan(sin((abs((abs(x))-(cos(x))))+(x))),8.637693410839752,13.866806091423028,39.94744305920422,6.847058823529411,7.0,8.637693410839749,1.262177448353619e-29
1253,200,25,tan(sin((abs((abs(x))-(cos(x))))+(x))),8.637693410839752,16.270913018974348,26.771430947774686,6.651428571428571,7.0,8.637693410839749,1.262177448353619e-29
1254,200,31,tan(sin((abs((abs(x))-(cos(x))))+(x))),8.637693410839752,14.567933572276852,26.29884733621875,6.650887573964497,7.0,8.637693410839749,1.262177448353619e-29
1255,200,33,tan(sin((abs((abs(x))-(cos(x))))+(x))),8.637693410839752,13.063111253213684,13.902218147445396,6.616766467065868,7.0,8.637693410839749,1.262177448353619e-29
1256,200,30,tan(sin((abs((abs(x))-(cos(x))))+(x))),8.637693410839752,13.6753635593197,17.367178104247017,6.747058823529412,7.0,8.637693410839749,1.262177448353619e-29
1257,200,27,tan(sin((abs((abs(x))-(cos(x))))+(x))),8.637693410839752,13.771744413843768,21.98262338826908,6.76878612716763,7.0,8.637693410839749,1.262177448353619e-29
1258,200,32,tan(sin((abs((abs(x))-(cos(x))))+(x))),8.637693410839752,12.740381498750818,21.429776012719387,6.892857142857143,7.0,8.637693410839749,1.262177448353619e-29
1259,200,23,tan(sin((abs((abs(x))-(cos(x))))+(x))),8.637693410839752,14.848280392564286,22.617681304597507,6.655367231638418,7.0,8.637693410839749,1.262177448353619e-29
1260,200,26,tan(sin((abs((abs(x))-(cos(x))))+(x))),8.637693410839752,15.282024723526613,25.920523076495876,6.787356321839081,7.0,8.637693410839749,1.262177448353619e-29
1261,200,29,tan(sin((abs((abs(x))-(cos(x))))+(x))),8.637693410839752,13.618053414667251,21.938906151951226,6.6725146198830405,7.0,8.637693410839749,1.262177448353619e-29
1262,200,32,tan(sin((abs((abs(x))-(cos(x))))+(x))),8.637693410839752,12.860477689573123,13.448848633772373,6.708333333333333,7.0,8.637693410839749,1.262177448353619e-29
1263,200,29,tan(sin((abs((abs(x))-(cos(x))))+(x))),8.637693410839752,12.768442412777603,12.662391889775593,6.719298245614035,7.0,8.637693410839749,1.262177448353619e-29
1264,200,26,tan(sin((abs((abs(x))-(cos(x))))+(x))),8.637693410839752,14.142209203167669,17.635878349943106,6.649425287356322,7.0,8.637693410839749,1.262177448353619e-29
1265,200,29,tan(sin((abs((abs(x))-(cos(x))))+(x))),8.637693410839752,1551.0768891709122,20064.216816766646,6.7251461988304095,7.0,8.637693410839749,1.262177448353619e-29
1266,200,33,tan(sin((abs((abs(x))-(cos(x))))+(x))),8.637693410839752,14.320925771246202,31.320232383479233,6.7844311377245505,7.0,8.637693410839749,1.262177448353619e-29
1267,200,29,tan(sin((abs((abs(x))-(cos(x))))+(x))),8.637693410839752,11.95528120261744,10.867961299901069,6.748538011695906,7.0,8.637693410839749,1.262177448353619e-29
1268,200,26,tan(sin((abs((abs(x))-(cos(x))))+(x))),8.637693410839752,15.527918230727435,26.535815584202236,6.724137931034483,7.0,8.637693410839749,1.262177448353619e-29
1269,200,26,tan(sin((abs((abs(x))-(cos(x))))+(x))),8.637693410839752,14.96417299004618,23.522126314249782,6.637931034482759,7.0,8.637693410839749,1.262177448353619e-29
1270,200,26,tan(sin((abs((abs(x))-(cos(x))))+(x))),8.637693410839752,13.698280515791062,13.888316107851855,6.5344827586206895,7.0,8.637693410839749,1.262177448353619e-29
1271,200,27,tan(sin((abs((abs(x))-(cos(x))))+(x))),8.637693410839752,13.163925675880812,17.149616962937607,6.797687861271676,7.0,8.637693410839749,1.262177448353619e-29
1272,200,32,tan(sin((abs((abs(x))-(cos(x))))+(x))),8.637693410839752,17.164283522409132,70.13553431149923,6.791666666666667,7.0,8.637693410839749,1.262177448353619e-29
1273,200,33,tan(sin((abs((abs(x))-(cos(x))))+(x))),8.637693410839752,15.240849190625255,41.625910148962234,6.772455089820359,7.0,8.637693410839749,1.262177448353619e-29
1274,200,30,tan(sin((abs((abs(x))-(cos(x))))+(x))),8.637693410839752,14.198865745676468,21.887071680869546,6.705882352941177,7.0,8.637693410839749,1.262177448353619e-29
1275,200,31,tan(sin((abs((abs(x))-(cos(x))))+(x))),8.637693410839752,13.680090510819902,17.403572745422338,6.650887573964497,7.0,8.637693410839749,1.262177448353619e-29
1276,200,35,tan(sin((abs((abs(x))-(cos(x))))+(x))),8.637693410839752,14.240585845207539,19.548377157066096,6.715151515151515,7.0,8.637693410839749,1.262177448353619e-29
1277,200,30,tan(sin((abs((abs(x))-(cos(x))))+(x))),8.637693410839752,12.887959190236336,15.963809550129929,6.8,7.0,8.637693410839749,1.262177448353619e-29
1278,200,25,tan(sin((abs((abs(x))-(cos(x))))+(x))),8.637693410839752,15.099825791730524,28.452403474267054,6.7371428571428575,7.0,8.637693410839749,1.262177448353619e-29
1279,200,30,tan(sin((abs((abs(x))-(cos(x))))+(x))),8.637693410839752,14.635269582462513,28.197094422504012,6.811764705882353,7.0,8.637693410839749,1.262177448353619e-29
1280,200,25,tan(sin((abs((abs(x))-(cos(x))))+(x))),8.637693410839752,26.987138271108936,154.1259121312686,6.742857142857143,7.0,8.637693410839749,1.262177448353619e-29
1281,200,29,tan(sin((abs((abs(x))-(cos(x))))+(x))),8.637693410839752,13.86464570745798,17.984432091078826,6.719298245614035,7.0,8.637693410839749,1.262177448353619e-29
1282,200,28,tan(sin((abs((abs(x))-(cos(x))))+(x))),8.637693410839752,13.765056806800505,19.511095798688824,6.784883720930233,7.0,8.637693410839749,1.262177448353619e-29
1283,200,26,tan(sin((abs((abs(x))-(cos(x))))+(x))),8.637693410839752,13.520491154934362,20.236300263210474,6.804597701149425,7.0,8.637693410839749,1.262177448353619e-29
1284,200,27,tan(sin((abs((abs(x))-(cos(x))))+(x))),8.637693410839752,31.108607648420858,231.3299604417999,6.676300578034682,7.0,8.637693410839749,1.262177448353619e-29
1285,200,28,tan(sin((abs((abs(x))-(cos(x))))+(x))),8.637693410839752,13.587542014839718,18.91232147578236,6.72093023255814,7.0,8.637693410839749,1.262177448353619e-29
1286,200,28,tan(sin((abs((abs(x))-(cos(x))))+(x))),8.637693410839752,14.833558441171478,23.830512423801945,6.593023255813954,7.0,8.637693410839749,1.262177448353619e-29
1287,200,28,tan(sin((abs((abs(x))-(cos(x))))+(x))),8.637693410839752,132.04660323347792,1550.665909898685,6.825581395348837,7.0,8.637693410839749,1.262177448353619e-29
1288,200,33,tan(sin((abs((abs(x))-(cos(x))))+(x))),8.637693410839752,13.993234184537496,23.961319670652557,6.838323353293413,7.0,8.637693410839749,1.262177448353619e-29
1289,200,28,tan(sin((abs((abs(x))-(cos(x))))+(x))),8.637693410839752,14.941862449275021,35.669700393785064,6.715116279069767,7.0,8.637693410839749,1.262177448353619e-29
1290,200,31,tan(sin((abs((abs(x))-(cos(x))))+(x))),8.637693410839752,12.638628580515736,15.755357291496772,6.733727810650888,7.0,8.637693410839749,1.262177448353619e-29
1291,200,33,tan(sin((abs((abs(x))-(cos(x))))+(x))),8.637693410839752,13.522902073461378,20.134949495572034,6.778443113772455,7.0,8.637693410839749,1.262177448353619e-29
1292,200,26,tan(sin((abs((abs(x))-(cos(x))))+(x))),8.637693410839752,29.600292458571527,187.38215480914442,6.741379310344827,7.0,8.637693410839749,1.262177448353619e-29
1293,200,26,tan(sin((abs((abs(x))-(cos(x))))+(x))),8.637693410839752,34.741923084369574,232.04344767538623,6.586206896551724,7.0,8.637693410839749,1.262177448353619e-29
1294,200,28,tan(sin((abs((abs(x))-(cos(x))))+(x))),8.637693410839752,17.992780021734486,58.728846732389215,6.755813953488372,7.0,8.637693410839749,1.262177448353619e-29
1295,200,34,tan(sin((abs((abs(x))-(cos(x))))+(x))),8.637693410839752,12.469879613756657,15.663825770638706,6.783132530120482,7.0,8.637693410839749,1.262177448353619e-29
1296,200,28,tan(sin((abs((abs(x))-(cos(x))))+(x))),8.637693410839752,14.96681387949493,19.942762202932943,6.656976744186046,7.0,8.637693410839749,1.262177448353619e-29
1297,200,30,tan(sin((abs((abs(x))-(cos(x))))+(x))),8.637693410839752,13.563359024006596,17.70180401242167,6.711764705882353,7.0,8.637693410839749,1.262177448353619e-29
1298,200,28,tan(sin((abs((abs(x))-(cos(x))))+(x))),8.637693410839752,13.075767524415818,19.990898529163864,6.8313953488372094,7.0,8.637693410839749,1.262177448353619e-29
1299,200,23,tan(sin((abs((abs(x))-(cos(x))))+(x))),8.637693410839752,16.928435290675534,27.90981827654413,6.632768361581921,7.0,8.637693410839749,1.262177448353619e-29
1300,200,25,tan(sin((abs((abs(x))-(cos(x))))+(x))),8.637693410839752,15.090587718505374,22.51205288787416,6.702857142857143,7.0,8.637693410839749,1.262177448353619e-29
1301,200,26,tan(sin((abs((abs(x))-(cos(x))))+(x))),8.637693410839752,13.201554546008644,17.004019706504618,6.752873563218391,7.0,8.637693410839749,1.262177448353619e-29
1302,200,29,tan(sin((abs((abs(x))-(cos(x))))+(x))),8.637693410839752,11.470511521364534,10.021525315750258,6.695906432748538,7.0,8.637693410839749,1.262177448353619e-29
1303,200,29,tan(sin((abs((abs(x))-(cos(x))))+(x))),8.637693410839752,12.64675975678534,17.07778367933866,6.7368421052631575,7.0,8.637693410839749,1.262177448353619e-29
1304,200,26,tan(sin((abs((abs(x))-(cos(x))))+(x))),8.637693410839752,53.86758190123315,546.9791189455872,6.7701149425287355,7.0,8.637693410839749,1.262177448353619e-29
1305,200,29,tan(sin((abs((abs(x))-(cos(x))))+(x))),8.637693410839752,13.509200599280923,24.919667119314404,6.830409356725146,7.0,8.637693410839749,1.262177448353619e-29
1306,200,29,tan(sin((abs((abs(x))-(cos(x))))+(x))),8.637693410839752,12.641336184937266,15.968094238732236,6.754385964912281,7.0,8.637693410839749,1.262177448353619e-29
1307,200,28,tan(sin((abs((abs(x))-(cos(x))))+(x))),8.637693410839752,13.862277941870914,22.10580219606061,6.819767441860465,7.0,8.637693410839749,1.262177448353619e-29
1308,200,27,tan(sin((abs((abs(x))-(cos(x))))+(x))),8.637693410839752,15.578136474603458,21.714144006010006,6.630057803468208,7.0,8.637693410839749,1.262177448353619e-29
1309,200,28,tan(sin((abs((abs(x))-(cos(x))))+(x))),8.637693410839752,13.266689879480673,18.510989279797553,6.709302325581396,7.0,8.637693410839749,1.262177448353619e-29
1310,200,23,tan(sin((abs((abs(x))-(cos(x))))+(x))),8.637693410839752,14.595420584332743,23.18576820160874,6.621468926553672,7.0,8.637693410839749,1.262177448353619e-29
1311,200,28,tan(sin((abs((abs(x))-(cos(x))))+(x))),8.637693410839752,12.598820941475143,16.30654264758653,6.773255813953488,7.0,8.637693410839749,1.262177448353619e-29
1312,200,28,tan(sin((abs((abs(x))-(cos(x))))+(x))),8.637693410839752,14.15462628486386,20.958726397577312,6.8604651162790695,7.0,8.637693410839749,1.262177448353619e-29
1313,200,26,tan(sin((abs((abs(x))-(cos(x))))+(x))),8.637693410839752,13.574579594014612,14.618190355359268,6.724137931034483,7.0,8.637693410839749,1.262177448353619e-29
1314,200,29,tan(sin((abs((abs(x))-(cos(x))))+(x))),8.637693410839752,20.596511754977453,119.94152823346847,6.7251461988304095,7.0,8.637693410839749,1.262177448353619e-29
1315,200,33,tan(sin((abs((abs(x))-(cos(x))))+(x))),8.637693410839752,12.108293070903443,16.436746147533942,6.754491017964072,7.0,8.637693410839749,1.262177448353619e-29
1316,200,28,tan(sin((abs((abs(x))-(cos(x))))+(x))),8.637693410839752,14.337278129329677,28.08549766975333,6.744186046511628,7.0,8.637693410839749,1.262177448353619e-29
1317,200,20,tan(sin((abs((abs(x))-(cos(x))))+(x))),8.637693410839752,16.793817079784855,38.82016361838904,6.727777777777778,7.0,8.637693410839749,1.262177448353619e-29
1318,200,27,tan(sin((abs((abs(x))-(cos(x))))+(x))),8.637693410839752,11.481133441884866,10.165151507312213,6.815028901734104,7.0,8.637693410839749,1.262177448353619e-29
1319,200,23,tan(sin((abs((abs(x))-(cos(x))))+(x))),8.637693410839752,14.051245221283784,14.118065559651123,6.52542372881356,7.0,8.637693410839749,1.262177448353619e-29
1320,200,27,tan(sin((abs((abs(x))-(cos(x))))+(x))),8.637693410839752,13.773571012542511,14.90223013717335,6.664739884393064,7.0,8.637693410839749,1.262177448353619e-29
1321,200,31,tan(sin((abs((abs(x))-(cos(x))))+(x))),8.637693410839752,14.308957097505091,23.628700165372397,6.662721893491124,7.0,8.637693410839749,1.262177448353619e-29
1322,200,25,tan(sin((abs((abs(x))-(cos(x))))+(x))),8.637693410839752,11.47127604476758,9.295078115248185,6.72,7.0,8.637693410839749,1.262177448353619e-29
1323,200,30,tan(sin((abs((abs(x))-(cos(x))))+(x))),8.637693410839752,15.533977965736753,29.281105861157144,6.723529411764706,7.0,8.637693410839749,1.262177448353619e-29
1324,200,27,tan(sin((abs((abs(x))-(cos(x))))+(x))),8.637693410839752,12.359597927328284,11.272273522516157,6.77456647398844,7.0,8.637693410839749,1.262177448353619e-29
1325,200,24,tan(sin((abs((abs(x))-(cos(x))))+(x))),8.637693410839752,15.485708556773044,25.60332177453962,6.642045454545454,7.0,8.637693410839749,1.262177448353619e-29
1326,200,30,tan(sin((abs((abs(x))-(cos(x))))+(x))),8.637693410839752,11.93884270830336,11.150519921827264,6.747058823529412,7.0,8.637693410839749,1.262177448353619e-29
1327,200,29,tan(sin((abs((abs(x))-(cos(x))))+(x))),8.637693410839752,13.17467239677942,12.94471120483791,6.707602339181286,7.0,8.637693410839749,1.262177448353619e-29
1328,200,29,tan(sin((abs((abs(x))-(cos(x))))+(x))),8.637693410839752,12.263666525366352,11.175889342132617,6.766081871345029,7.0,8.637693410839749,1.262177448353619e-29
1329,200,31,tan(sin((abs((abs(x))-(cos(x))))+(x))),8.637693410839752,11.80634957594299,16.713526482185316,6.840236686390533,7.0,8.637693410839749,1.262177448353619e-29
1330,200,32,tan(sin((abs((abs(x))-(cos(x))))+(x))),8.637693410839752,12.06754831340842,11.449670931436758,6.845238095238095,7.0,8.637693410839749,1.262177448353619e-29
1331,200,29,tan(sin((abs((abs(x))-(cos(x))))+(x))),8.637693410839752,12.622445946275308,13.20093135497246,6.7251461988304095,7.0,8.637693410839749,1.262177448353619e-29
1332,200,34,tan(sin((abs((abs(x))-(cos(x))))+(x))),8.637693410839752,12.320947754780843,18.414860278698306,6.945783132530121,7.0,8.637693410839749,1.262177448353619e-29
1333,200,28,tan(sin((abs((abs(x))-(cos(x))))+(x))),8.637693410839752,14.359092497389621,21.744938471918047,6.651162790697675,7.0,8.637693410839749,1.262177448353619e-29
1334,200,30,tan(sin((abs((abs(x))-(cos(x))))+(x))),8.637693410839752,13.637584288477507,18.546714423346447,6.670588235294118,7.0,8.637693410839749,1.262177448353619e-29
1335,200,30,tan(sin((abs((abs(x))-(cos(x))))+(x))),8.637693410839752,16.264407397011652,40.22577335822745,6.7,7.0,8.637693410839749,1.262177448353619e-29
1336,200,24,tan(sin((abs((abs(x))-(cos(x))))+(x))),8.637693410839752,14.618394629072698,21.084129057817353,6.7102272727272725,7.0,8.637693410839749,1.262177448353619e-29
1337,200,27,tan(sin((abs((abs(x))-(cos(x))))+(x))),8.637693410839752,15.860779281891752,23.032159600298563,6.699421965317919,7.0,8.637693410839749,1.262177448353619e-29
1338,200,32,tan(sin((abs((abs(x))-(cos(x))))+(x))),8.637693410839752,14.569938018138917,22.90825959948158,6.648809523809524,7.0,8.637693410839749,1.262177448353619e-29
1339,200,34,tan(sin((abs((abs(x))-(cos(x))))+(x))),8.637693410839752,12.910791404966766,16.849194238081708,6.650602409638554,7.0,8.637693410839749,1.262177448353619e-29
1340,200,30,tan(sin((abs((abs(x))-(cos(x))))+(x))),8.637693410839752,12.932945448250612,17.40454411746109,6.747058823529412,7.0,8.637693410839749,1.262177448353619e-29
1341,200,27,tan(sin((abs((abs(x))-(cos(x))))+(x))),8.637693410839752,15.742236475237043,33.25177437944042,6.716763005780347,7.0,8.637693410839749,1.262177448353619e-29
1342,200,28,tan(sin((abs((abs(x))-(cos(x))))+(x))),8.637693410839752,14.175749319589452,20.402833516715024,6.790697674418604,7.0,8.637693410839749,1.262177448353619e-29
1343,200,31,tan(sin((abs((abs(x))-(cos(x))))+(x))),8.637693410839752,13.00662202389854,12.529079231844783,6.911242603550296,7.0,8.637693410839749,1.262177448353619e-29
1344,200,29,tan(sin((abs((abs(x))-(cos(x))))+(x))),8.637693410839752,18.077632440057585,49.952150133078256,6.760233918128655,7.0,8.637693410839749,1.262177448353619e-29
1345,200,27,tan(sin((abs((abs(x))-(cos(x))))+(x))),8.637693410839752,13.567393462429658,22.620666637319996,6.878612716763006,7.0,8.637693410839749,1.262177448353619e-29
1346,200,30,tan(sin((abs((abs(x))-(cos(x))))+(x))),8.637693410839752,12.464798838612545,17.667527997244687,6.852941176470588,7.0,8.637693410839749,1.262177448353619e-29
1347,200,35,tan(sin((abs((abs(x))-(cos(x))))+(x))),8.637693410839752,13.258445014895377,24.97187429314589,6.903030303030303,7.0,8.637693410839749,1.262177448353619e-29
1348,200,33,tan(sin((abs((abs(x))-(cos(x))))+(x))),8.637693410839752,11.87707795641016,10.260727220040794,6.724550898203593,7.0,8.637693410839749,1.262177448353619e-29
1349,200,27,tan(sin((abs((abs(x))-(cos(x))))+(x))),8.637693410839752,12.91249082021883,16.38402055531882,6.676300578034682,7.0,8.637693410839749,1.262177448353619e-29
1350,200,31,tan(sin((abs((abs(x))-(cos(x))))+(x))),8.637693410839752,15.289920535938135,21.905479729432358,6.603550295857988,7.0,8.637693410839749,1.262177448353619e-29
1351,200,27,tan(sin((abs((abs(x))-(cos(x))))+(x))),8.637693410839752,16.143640680977665,26.283993572663984,6.6473988439306355,7.0,8.637693410839749,1.262177448353619e-29
1352,200,28,tan(sin((abs((abs(x))-(cos(x))))+(x))),8.637693410839752,31.444453713338028,234.5410284974371,6.790697674418604,7.0,8.637693410839749,1.262177448353619e-29
1353,200,27,tan(sin((abs((abs(x))-(cos(x))))+(x))),8.637693410839752,12.460233117506988,12.023756026348439,6.624277456647399,7.0,8.637693410839749,1.262177448353619e-29
1354,200,25,tan(sin((abs((abs(x))-(cos(x))))+(x))),8.637693410839752,14.44768988853745,19.411095427260985,6.588571428571429,7.0,8.637693410839749,1.262177448353619e-29
1355,200,34,tan(sin((abs((abs(x))-(cos(x))))+(x))),8.637693410839752,13.78640422682437,20.61713136573943,6.789156626506024,7.0,8.637693410839749,1.262177448353619e-29
1356,200,30,tan(sin((abs((abs(x))-(cos(x))))+(x))),8.637693410839752,14.247546652515295,19.870146681574422,6.8,7.0,8.637693410839749,1.262177448353619e-29
1357,200,31,tan(sin((abs((abs(x))-(cos(x))))+(x))),8.637693410839752,13.406833809514273,17.84316642041859,6.769230769230769,7.0,8.637693410839749,1.262177448353619e-29
1358,200,28,tan(sin((abs((abs(x))-(cos(x))))+(x))),8.637693410839752,14.181172355546112,21.409891267423188,6.72093023255814,7.0,8.637693410839749,1.262177448353619e-29
1359,200,32,tan(sin((abs((abs(x))-(cos(x))))+(x))),8.637693410839752,12.069506258984037,11.350923089288036,6.857142857142857,7.0,8.637693410839749,1.262177448353619e-29
1360,200,30,tan(sin((abs((abs(x))-(cos(x))))+(x))),8.637693410839752,13.244889177814606,16.7598133022234,6.747058823529412,7.0,8.637693410839749,1.262177448353619e-29
1361,200,23,tan(sin((abs((abs(x))-(cos(x))))+(x))),8.637693410839752,13.726333978419005,18.338569492409835,6.734463276836158,7.0,8.637693410839749,1.262177448353619e-29
1362,200,37,tan(sin((abs((abs(x))-(cos(x))))+(x))),8.637693410839752,11.731794445142766,11.064628719769333,6.828220858895706,7.0,8.637693410839749,1.262177448353619e-29
1363,200,27,tan(sin((abs((abs(x))-(cos(x))))+(x))),8.637693410839752,14.258153124650892,21.797671936956437,6.763005780346821,7.0,8.637693410839749,1.262177448353619e-29
1364,200,23,tan(sin((abs((abs(x))-(cos(x))))+(x))),8.637693410839752,13.823225317347102,18.153555246818126,6.711864406779661,7.0,8.637693410839749,1.262177448353619e-29
1365,200,30,tan(sin((abs((abs(x))-(cos(x))))+(x))),8.637693410839752,15.099907965798973,29.224667310358463,6.794117647058823,7.0,8.637693410839749,1.262177448353619e-29
1366,200,22,tan(sin((abs((abs(x))-(cos(x))))+(x))),8.637693410839752,14.372667434879979,17.917436611224506,6.674157303370786,7.0,8.637693410839749,1.262177448353619e-29
1367,200,24,tan(sin((abs((abs(x))-(cos(x))))+(x))),8.637693410839752,14.129055052804848,16.225519260608344,6.693181818181818,7.0,8.637693410839749,1.262177448353619e-29
1368,200,28,tan(sin((abs((abs(x))-(cos(x))))+(x))),8.637693410839752,12.477696864767083,14.303889503020578,6.837209302325581,7.0,8.637693410839749,1.262177448353619e-29
1369,200,27,tan(sin((abs((abs(x))-(cos(x))))+(x))),8.637693410839752,12.776575999203795,13.905853053367526,6.658959537572255,7.0,8.637693410839749,1.262177448353619e-29
1370,200,33,tan(sin((abs((abs(x))-(cos(x))))+(x))),8.637693410839752,14.128372305301879,24.445649113832324,6.790419161676646,7.0,8.637693410839749,1.262177448353619e-29
1371,200,35,tan(sin((abs((abs(x))-(cos(x))))+(x))),8.637693410839752,12.484723732147033,11.255667351729867,6.745454545454545,7.0,8.637693410839749,1.262177448353619e-29
1372,200,35,tan(sin((abs((abs(x))-(cos(x))))+(x))),8.637693410839752,11.637539848368634,10.000852414043688,6.806060606060606,7.0,8.637693410839749,1.262177448353619e-29
1373,200,32,tan(sin((abs((abs(x))-(cos(x))))+(x))),8.637693410839752,12.176938892200063,13.292579186360237,6.839285714285714,7.0,8.637693410839749,1.262177448353619e-29
1374,200,28,tan(sin((abs((abs(x))-(cos(x))))+(x))),8.637693410839752,11.760803129742191,10.927812670751475,6.715116279069767,7.0,8.637693410839749,1.262177448353619e-29
1375,200,26,tan(sin((abs((abs(x))-(cos(x))))+(x))),8.637693410839752,12.426357926259222,12.68121197979398,6.793103448275862,7.0,8.637693410839749,1.262177448353619e-29
1376,200,24,tan(sin((abs((abs(x))-(cos(x))))+(x))),8.637693410839752,12.585095161964615,14.345823647190917,6.755681818181818,7.0,8.637693410839749,1.262177448353619e-29
1377,200,31,tan(sin((abs((abs(x))-(cos(x))))+(x))),8.637693410839752,12.224964579168056,16.516697320926973,6.828402366863905,7.0,8.637693410839749,1.262177448353619e-29
1378,200,25,tan(sin((abs((abs(x))-(cos(x))))+(x))),8.637693410839752,12.770972676243781,16.48264638411217,6.714285714285714,7.0,8.637693410839749,1.262177448353619e-29
1379,200,27,tan(sin((abs((abs(x))-(cos(x))))+(x))),8.637693410839752,12.008832393310103,10.085527364271632,6.7514450867052025,7.0,8.637693410839749,1.262177448353619e-29
1380,200,30,tan(sin((abs((abs(x))-(cos(x))))+(x))),8.637693410839752,12.960706893626698,19.20650429179111,6.8882352941176475,7.0,8.637693410839749,1.262177448353619e-29
1381,200,23,tan(sin((abs((abs(x))-(cos(x))))+(x))),8.637693410839752,13.608232097225724,16.827552697710328,6.677966101694915,7.0,8.637693410839749,1.262177448353619e-29
1382,200,25,tan(sin((abs((abs(x))-(cos(x))))+(x))),8.637693410839752,15.619204987397199,26.248597519906994,6.685714285714286,7.0,8.637693410839749,1.262177448353619e-29
1383,200,20,tan(sin((abs((abs(x))-(cos(x))))+(x))),8.637693410839752,15.180140836061046,30.378363121935603,6.594444444444444,7.0,8.637693410839749,1.262177448353619e-29
1384,200,26,tan(sin((abs((abs(x))-(cos(x))))+(x))),8.637693410839752,13.5189337819186,17.539904180953823,6.712643678160919,7.0,8.637693410839749,1.262177448353619e-29
1385,200,31,tan(sin((abs((abs(x))-(cos(x))))+(x))),8.637693410839752,12.35338034759852,13.722030130213346,6.769230769230769,7.0,8.637693410839749,1.262177448353619e-29
1386,200,24,tan(sin((abs((abs(x))-(cos(x))))+(x))),8.637693410839752,13.566739298304064,18.190498566837316,6.732954545454546,7.0,8.637693410839749,1.262177448353619e-29
1387,200,30,tan(sin((abs((abs(x))-(cos(x))))+(x))),8.637693410839752,18.083335847089796,39.92815652433644,6.641176470588236,7.0,8.637693410839749,1.262177448353619e-29
1388,200,30,tan(sin((abs((abs(x))-(cos(x))))+(x))),8.637693410839752,14.272767503355661,19.13346583795017,6.735294117647059,7.0,8.637693410839749,1.262177448353619e-29
1389,200,24,tan(sin((abs((abs(x))-(cos(x))))+(x))),8.637693410839752,12.352644582184205,11.658029337833128,6.715909090909091,7.0,8.637693410839749,1.262177448353619e-29
1390,200,28,tan(sin((abs((abs(x))-(cos(x))))+(x))),8.637693410839752,12.194872394408446,11.273959789427785,6.813953488372093,7.0,8.637693410839749,1.262177448353619e-29
1391,200,32,tan(sin((abs((abs(x))-(cos(x))))+(x))),8.637693410839752,12.351353748818156,16.136966156344684,6.744047619047619,7.0,8.637693410839749,1.262177448353619e-29
1392,200,29,tan(sin((abs((abs(x))-(cos(x))))+(x))),8.637693410839752,14.603371995084746,20.73161856977381,6.631578947368421,7.0,8.637693410839749,1.262177448353619e-29
1393,200,33,tan(sin((abs((abs(x))-(cos(x))))+(x))),8.637693410839752,13.255784342342618,17.49957704674333,6.712574850299402,7.0,8.637693410839749,1.262177448353619e-29
1394,200,33,tan(sin((abs((abs(x))-(cos(x))))+(x))),8.637693410839752,11.784108991547802,10.005142826258814,6.6946107784431135,7.0,8.637693410839749,1.262177448353619e-29
1395,200,23,tan(sin((abs((abs(x))-(cos(x))))+(x))),8.637693410839752,13.366792500863976,13.334581421872688,6.666666666666667,7.0,8.637693410839749,1.262177448353619e-29
1396,200,26,tan(sin((abs((abs(x))-(cos(x))))+(x))),8.637693410839752,15.462932820934295,26.036161271806286,6.586206896551724,7.0,8.637693410839749,1.262177448353619e-29
1397,200,31,tan(sin((abs((abs(x))-(cos(x))))+(x))),8.637693410839752,13.101411812063843,14.983459324744201,6.834319526627219,7.0,8.637693410839749,1.262177448353619e-29
1398,200,27,tan(sin((abs((abs(x))-(cos(x))))+(x))),8.637693410839752,15.659648376634289,28.641146343839054,6.820809248554913,7.0,8.637693410839749,1.262177448353619e-29
1399,200,30,tan(sin((abs((abs(x))-(cos(x))))+(x))),8.637693410839752,3109.3772425018756,40242.19313502232,6.882352941176471,7.0,8.637693410839749,1.262177448353619e-29
1400,200,29,tan(sin((abs((abs(x))-(cos(x))))+(x))),8.637693410839752,17.050421537921558,33.01793000450604,6.771929824561403,7.0,8.637693410839749,1.262177448353619e-29
1401,200,26,tan(sin((abs((abs(x))-(cos(x))))+(x))),8.637693410839752,14.324191334009583,27.696164475243442,6.706896551724138,7.0,8.637693410839749,1.262177448353619e-29
1402,200,32,tan(sin((abs((abs(x))-(cos(x))))+(x))),8.637693410839752,12.996593789563283,23.137598534588687,6.714285714285714,7.0,8.637693410839749,1.262177448353619e-29
1403,200,30,tan(sin((abs((abs(x))-(cos(x))))+(x))),8.637693410839752,14.43511528385874,24.57797707179585,6.705882352941177,7.0,8.637693410839749,1.262177448353619e-29
1404,200,33,tan(sin((abs((abs(x))-(cos(x))))+(x))),8.637693410839752,13.10618052872626,25.15328827516198,6.8562874251497,7.0,8.637693410839749,1.262177448353619e-29
1405,200,36,tan(sin((abs((abs(x))-(cos(x))))+(x))),8.637693410839752,11.448912617558156,11.674391841222699,6.871951219512195,7.0,8.637693410839749,1.262177448353619e-29
1406,200,27,tan(sin((abs((abs(x))-(cos(x))))+(x))),8.637693410839752,12.350190488224555,15.950743297533634,6.705202312138728,7.0,8.637693410839749,1.262177448353619e-29
1407,200,27,tan(sin((abs((abs(x))-(cos(x))))+(x))),8.637693410839752,13.25317025923371,18.46886727982771,6.7514450867052025,7.0,8.637693410839749,1.262177448353619e-29
1408,200,30,tan(sin((abs((abs(x))-(cos(x))))+(x))),8.637693410839752,17.313490067846296,62.78153070146152,6.788235294117647,7.0,8.637693410839749,1.262177448353619e-29
1409,200,28,tan(sin((abs((abs(x))-(cos(x))))+(x))),8.637693410839752,15.114074048548087,27.999792816210597,6.662790697674419,7.0,8.637693410839749,1.262177448353619e-29
1410,200,28,tan(sin((abs((abs(x))-(cos(x))))+(x))),8.637693410839752,13.35760196509558,17.155030406888603,6.709302325581396,7.0,8.637693410839749,1.262177448353619e-29
1411,200,29,tan(sin((abs((abs(x))-(cos(x))))+(x))),8.637693410839752,15.498840705775796,54.053178582720975,6.649122807017544,7.0,8.637693410839749,1.262177448353619e-29
1412,200,26,tan(sin((abs((abs(x))-(cos(x))))+(x))),8.637693410839752,14.33920501453658,21.072241091993938,6.752873563218391,7.0,8.637693410839749,1.262177448353619e-29
1413,200,28,tan(sin((abs((abs(x))-(cos(x))))+(x))),8.637693410839752,12.51807908423867,15.30104671468623,6.715116279069767,7.0,8.637693410839749,1.262177448353619e-29
1414,200,24,tan(sin((abs((abs(x))-(cos(x))))+(x))),8.637693410839752,12.249079688436725,11.375208882371798,6.630681818181818,7.0,8.637693410839749,1.262177448353619e-29
1415,200,24,tan(sin((abs((abs(x))-(cos(x))))+(x))),8.637693410839752,12.926763765487845,12.684046064757485,6.619318181818182,7.0,8.637693410839749,1.262177448353619e-29
1416,200,29,tan(sin((abs((abs(x))-(cos(x))))+(x))),8.637693410839752,11.753502797251032,14.893646134673432,6.777777777777778,7.0,8.637693410839749,1.262177448353619e-29
1417,200,28,tan(sin((abs((abs(x))-(cos(x))))+(x))),8.637693410839752,12.739101054588549,12.700826017902559,6.744186046511628,7.0,8.637693410839749,1.262177448353619e-29
1418,200,30,tan(sin((abs((abs(x))-(cos(x))))+(x))),8.637693410839752,14.097198406795489,18.522665694683145,6.688235294117647,7.0,8.637693410839749,1.262177448353619e-29
1419,200,29,tan(sin((abs((abs(x))-(cos(x))))+(x))),8.637693410839752,21.792771721703993,73.97152809006208,6.783625730994152,7.0,8.637693410839749,1.262177448353619e-29
1420,200,33,tan(sin((abs((abs(x))-(cos(x))))+(x))),8.637693410839752,14.390905286752186,18.183428669671983,6.7844311377245505,7.0,8.637693410839749,1.262177448353619e-29
1421,200,34,tan(sin((abs((abs(x))-(cos(x))))+(x))),8.637693410839752,11.158852298162321,13.859546527828323,6.825301204819277,7.0,8.637693410839749,1.262177448353619e-29
1422,200,20,tan(sin((abs((abs(x))-(cos(x))))+(x))),8.637693410839752,15.665826132084609,28.05565404657186,6.622222222222222,7.0,8.637693410839749,1.262177448353619e-29
1423,200,34,tan(sin((abs((abs(x))-(cos(x))))+(x))),8.637693410839752,13.495353540638362,15.56579662221716,6.650602409638554,7.0,8.637693410839749,1.262177448353619e-29
1424,200,34,tan(sin((abs((abs(x))-(cos(x))))+(x))),8.637693410839752,15.034485730028118,25.532653622363124,6.716867469879518,7.0,8.637693410839749,1.262177448353619e-29
1425,200,26,tan(sin((abs((abs(x))-(cos(x))))+(x))),8.637693410839752,14.860461446796899,26.291093996179455,6.793103448275862,7.0,8.637693410839749,1.262177448353619e-29
1426,200,29,tan(sin((abs((abs(x))-(cos(x))))+(x))),8.637693410839752,13.964829691974566,19.21947499981782,6.5964912280701755,7.0,8.637693410839749,1.262177448353619e-29
1427,200,28,tan(sin((abs((abs(x))-(cos(x))))+(x))),8.637693410839752,18.29881740182025,66.6841484798752,6.622093023255814,7.0,8.637693410839749,1.262177448353619e-29
1428,200,26,tan(sin((abs((abs(x))-(cos(x))))+(x))),8.637693410839752,13.55662154134151,17.56803773136318,6.752873563218391,7.0,8.637693410839749,1.262177448353619e-29
1429,200,29,tan(sin((abs((abs(x))-(cos(x))))+(x))),8.637693410839752,13.478126815422275,17.625069156112495,6.695906432748538,7.0,8.637693410839749,1.262177448353619e-29
1430,200,29,tan(sin((abs((abs(x))-(cos(x))))+(x))),8.637693410839752,11.99004917472827,11.787529246101366,6.754385964912281,7.0,8.637693410839749,1.262177448353619e-29
1431,200,31,tan(sin((abs((abs(x))-(cos(x))))+(x))),8.637693410839752,11.917956091717574,10.262526368873793,6.650887573964497,7.0,8.637693410839749,1.262177448353619e-29
1432,200,28,tan(sin((abs((abs(x))-(cos(x))))+(x))),8.637693410839752,12.886880730443673,13.03497405682597,6.703488372093023,7.0,8.637693410839749,1.262177448353619e-29
1433,200,31,tan(sin((abs((abs(x))-(cos(x))))+(x))),8.637693410839752,11.761923495908766,10.752923961288852,6.775147928994083,7.0,8.637693410839749,1.262177448353619e-29
1434,200,26,tan(sin((abs((abs(x))-(cos(x))))+(x))),8.637693410839752,14.495305126999185,25.315571162195393,6.747126436781609,7.0,8.637693410839749,1.262177448353619e-29
1435,200,28,tan(sin((abs((abs(x))-(cos(x))))+(x))),8.637693410839752,15.034302271670711,23.392366830943836,6.738372093023256,7.0,8.637693410839749,1.262177448353619e-29
1436,200,26,tan(sin((abs((abs(x))-(cos(x))))+(x))),8.637693410839752,14.112629025382605,17.445679002521405,6.787356321839081,7.0,8.637693410839749,1.262177448353619e-29
1437,200,23,tan(sin((abs((abs(x))-(cos(x))))+(x))),8.637693410839752,14.361140362458823,19.59097071371538,6.638418079096045,7.0,8.637693410839749,1.262177448353619e-29
1438,200,27,tan(sin((abs((abs(x))-(cos(x))))+(x))),8.637693410839752,15.810649507569934,31.24576421010238,6.7398843930635834,7.0,8.637693410839749,1.262177448353619e-29
1439,200,30,tan(sin((abs((abs(x))-(cos(x))))+(x))),8.637693410839752,15.56817354814196,26.681378079582803,6.670588235294118,7.0,8.637693410839749,1.262177448353619e-29
1440,200,27,tan(sin((abs((abs(x))-(cos(x))))+(x))),8.637693410839752,13.544532558577366,21.079429688532546,6.745664739884393,7.0,8.637693410839749,1.262177448353619e-29
1441,200,33,tan(sin((abs((abs(x))-(cos(x))))+(x))),8.637693410839752,12.837063298734376,16.58040034205706,6.682634730538922,7.0,8.637693410839749,1.262177448353619e-29
1442,200,20,tan(sin((abs((abs(x))-(cos(x))))+(x))),8.637693410839752,18.010237010665563,35.302317698192546,6.622222222222222,7.0,8.637693410839749,1.262177448353619e-29
1443,200,28,tan(sin((abs((abs(x))-(cos(x))))+(x))),8.637693410839752,57.86607107725958,564.6887194406394,6.651162790697675,7.0,8.637693410839749,1.262177448353619e-29
1444,200,33,tan(sin((abs((abs(x))-(cos(x))))+(x))),8.637693410839752,12.859209742148414,18.767965121571535,6.778443113772455,7.0,8.637693410839749,1.262177448353619e-29
1445,200,24,tan(sin((abs((abs(x))-(cos(x))))+(x))),8.637693410839752,14.487218543867407,23.156866042968296,6.670454545454546,7.0,8.637693410839749,1.262177448353619e-29
1446,200,36,tan(sin((abs((abs(x))-(cos(x))))+(x))),8.637693410839752,11.239708929114357,11.569924124040803,6.920731707317073,7.0,8.637693410839749,1.262177448353619e-29
1447,200,27,tan(sin((abs((abs(x))-(cos(x))))+(x))),8.637693410839752,15.486887994897248,28.771024764098968,6.710982658959537,7.0,8.637693410839749,1.262177448353619e-29
1448,200,31,tan(sin((abs((abs(x))-(cos(x))))+(x))),8.637693410839752,13.041158071486953,16.629665221960853,6.65680473372781,7.0,8.637693410839749,1.262177448353619e-29
1449,200,28,tan(sin((abs((abs(x))-(cos(x))))+(x))),8.637693410839752,12.823069320620844,16.341704090714543,6.767441860465116,7.0,8.637693410839749,1.262177448353619e-29
1450,200,34,tan(sin((abs((abs(x))-(cos(x))))+(x))),8.637693410839752,12.744853040851948,16.29743072904574,6.783132530120482,7.0,8.637693410839749,1.262177448353619e-29
1451,200,23,tan(sin((abs((abs(x))-(cos(x))))+(x))),8.637693410839752,12.63822681667956,11.290439597721749,6.581920903954802,7.0,8.637693410839749,1.262177448353619e-29
1452,200,30,tan(sin((abs((abs(x))-(cos(x))))+(x))),8.637693410839752,12.575300755447657,15.233600402482795,6.552941176470588,7.0,8.637693410839749,1.262177448353619e-29
1453,200,23,tan(sin((abs((abs(x))-(cos(x))))+(x))),8.637693410839752,13.479469003119384,19.096061313140797,6.627118644067797,7.0,8.637693410839749,1.262177448353619e-29
1454,200,24,tan(sin((abs((abs(x))-(cos(x))))+(x))),8.637693410839752,19.121738626995178,47.26161786968321,6.7102272727272725,7.0,8.637693410839749,1.262177448353619e-29
1455,200,26,tan(sin((abs((abs(x))-(cos(x))))+(x))),8.637693410839752,14.382738334288467,16.22537877087875,6.735632183908046,7.0,8.637693410839749,1.262177448353619e-29
1456,200,22,tan(sin((abs((abs(x))-(cos(x))))+(x))),8.637693410839752,30.969330549552467,228.07440829804676,6.617977528089888,7.0,8.637693410839749,1.262177448353619e-29
1457,200,32,tan(sin((abs((abs(x))-(cos(x))))+(x))),8.637693410839752,15.912049120031716,32.172689856819694,6.7976190476190474,7.0,8.637693410839749,1.262177448353619e-29
1458,200,32,tan(sin((abs((abs(x))-(cos(x))))+(x))),8.637693410839752,12.449156100631788,15.492043600743363,6.839285714285714,7.0,8.637693410839749,1.262177448353619e-29
1459,200,31,tan(sin((abs((abs(x))-(cos(x))))+(x))),8.637693410839752,11.711717791272546,9.668889126752948,6.7514792899408285,7.0,8.637693410839749,1.262177448353619e-29
1460,200,28,tan(sin((abs((abs(x))-(cos(x))))+(x))),8.637693410839752,13.546356220615166,14.266360286107632,6.738372093023256,7.0,8.637693410839749,1.262177448353619e-29
1461,200,28,tan(sin((abs((abs(x))-(cos(x))))+(x))),8.637693410839752,24.714068972289827,156.18889942022957,6.6686046511627906,7.0,8.637693410839749,1.262177448353619e-29
1462,200,28,tan(sin((abs((abs(x))-(cos(x))))+(x))),8.637693410839752,14.50694854298185,23.885032112581733,6.686046511627907,7.0,8.637693410839749,1.262177448353619e-29
1463,200,27,tan(sin((abs((abs(x))-(cos(x))))+(x))),8.637693410839752,17.93255074303319,49.228562064180664,6.69364161849711,7.0,8.637693410839749,1.262177448353619e-29
1464,200,23,tan(sin((abs((abs(x))-(cos(x))))+(x))),8.637693410839752,30.056709663952056,229.40591893528543,6.649717514124294,7.0,8.637693410839749,1.262177448353619e-29
1465,200,36,tan(sin((abs((abs(x))-(cos(x))))+(x))),8.637693410839752,11.205796855987334,9.494496920556868,6.798780487804878,7.0,8.637693410839749,1.262177448353619e-29
1466,200,33,tan(sin((abs((abs(x))-(cos(x))))+(x))),8.637693410839752,12.40718579980286,17.886574287233834,6.790419161676646,7.0,8.637693410839749,1.262177448353619e-29
1467,200,29,tan(sin((abs((abs(x))-(cos(x))))+(x))),8.637693410839752,15.956896892883586,22.60611616216776,6.56140350877193,7.0,8.637693410839749,1.262177448353619e-29
1468,200,29,tan(sin((abs((abs(x))-(cos(x))))+(x))),8.637693410839752,13.063277950942945,13.235526300100554,6.719298245614035,7.0,8.637693410839749,1.262177448353619e-29
1469,200,26,tan(sin((abs((abs(x))-(cos(x))))+(x))),8.637693410839752,14.203519347042214,18.94615054184937,6.67816091954023,7.0,8.637693410839749,1.262177448353619e-29
1470,200,32,tan(sin((abs((abs(x))-(cos(x))))+(x))),8.637693410839752,12.679780819863478,18.061405231286503,6.75,7.0,8.637693410839749,1.262177448353619e-29
1471,200,23,tan(sin((abs((abs(x))-(cos(x))))+(x))),8.637693410839752,13.620003456543138,13.321344125907249,6.5423728813559325,7.0,8.637693410839749,1.262177448353619e-29
1472,200,26,tan(sin((abs((abs(x))-(cos(x))))+(x))),8.637693410839752,14.930238282600566,22.1036558789723,6.672413793103448,7.0,8.637693410839749,1.262177448353619e-29
1473,200,30,tan(sin((abs((abs(x))-(cos(x))))+(x))),8.637693410839752,13.141620660094484,22.18225398179594,6.6647058823529415,7.0,8.637693410839749,1.262177448353619e-29
1474,200,25,tan(sin((abs((abs(x))-(cos(x))))+(x))),8.637693410839752,13.61974495571695,18.268757187457545,6.662857142857143,7.0,8.637693410839749,1.262177448353619e-29
1475,200,26,tan(sin((abs((abs(x))-(cos(x))))+(x))),8.637693410839752,12.634505799318488,15.883183546969294,6.775862068965517,7.0,8.637693410839749,1.262177448353619e-29
1476,200,22,tan(sin((abs((abs(x))-(cos(x))))+(x))),8.637693410839752,15.305312938352571,20.098336820884413,6.51685393258427,7.0,8.637693410839749,1.262177448353619e-29
1477,200,29,tan(sin((abs((abs(x))-(cos(x))))+(x))),8.637693410839752,13.342362873942992,20.537882170844426,6.812865497076023,7.0,8.637693410839749,1.262177448353619e-29
1478,200,33,tan(sin((abs((abs(x))-(cos(x))))+(x))),8.637693410839752,11.896381660912814,14.916501383813772,6.844311377245509,7.0,8.637693410839749,1.262177448353619e-29
1479,200,31,tan(sin((abs((abs(x))-(cos(x))))+(x))),8.637693410839752,17.081589189062967,32.967033543760444,6.674556213017752,7.0,8.637693410839749,1.262177448353619e-29
1480,200,32,tan(sin((abs((abs(x))-(cos(x))))+(x))),8.637693410839752,18.337877115044677,45.717673320521925,6.541666666666667,7.0,8.637693410839749,1.262177448353619e-29
1481,200,36,tan(sin((abs((abs(x))-(cos(x))))+(x))),8.637693410839752,16.306374587163745,30.342353196096198,6.695121951219512,7.0,8.637693410839749,1.262177448353619e-29
1482,200,31,tan(sin((abs((abs(x))-(cos(x))))+(x))),8.637693410839752,13.63679471111006,22.644724145956857,6.775147928994083,7.0,8.637693410839749,1.262177448353619e-29
1483,200,29,tan(sin((abs((abs(x))-(cos(x))))+(x))),8.637693410839752,17.161749675463444,40.987133892935034,6.748538011695906,7.0,8.637693410839749,1.262177448353619e-29
1484,200,31,tan(sin((abs((abs(x))-(cos(x))))+(x))),8.637693410839752,12.184811761473892,18.17431987171384,6.78698224852071,7.0,8.637693410839749,1.262177448353619e-29
1485,200,29,tan(sin((abs((abs(x))-(cos(x))))+(x))),8.637693410839752,13.126292587470092,23.090069791592082,6.614035087719298,7.0,8.637693410839749,1.262177448353619e-29
1486,200,25,tan(sin((abs((abs(x))-(cos(x))))+(x))),8.637693410839752,14.174356386183593,19.826231220648168,6.765714285714286,7.0,8.637693410839749,1.262177448353619e-29
1487,200,27,tan(sin((abs((abs(x))-(cos(x))))+(x))),8.637693410839752,12.870499522237482,19.25447236649213,6.763005780346821,7.0,8.637693410839749,1.262177448353619e-29
1488,200,26,tan(sin((abs((abs(x))-(cos(x))))+(x))),8.637693410839752,13.011374080597035,19.08974115701108,6.741379310344827,7.0,8.637693410839749,1.262177448353619e-29
1489,200,29,tan(sin((abs((abs(x))-(cos(x))))+(x))),8.637693410839752,12.017861874975448,16.420830249771427,6.830409356725146,7.0,8.637693410839749,1.262177448353619e-29
1490,200,34,tan(sin((abs((abs(x))-(cos(x))))+(x))),8.637693410839752,14.856884160705652,25.023195061106392,6.728915662650603,7.0,8.637693410839749,1.262177448353619e-29
1491,200,27,tan(sin((abs((abs(x))-(cos(x))))+(x))),8.637693410839752,17.921713928961267,63.944055902505106,6.664739884393064,7.0,8.637693410839749,1.262177448353619e-29
1492,200,31,tan(sin((abs((abs(x))-(cos(x))))+(x))),8.637693410839752,11.680881366719735,12.198324151154253,6.846153846153846,7.0,8.637693410839749,1.262177448353619e-29
1493,200,26,tan(sin((abs((abs(x))-(cos(x))))+(x))),8.637693410839752,13.680624176598434,16.523904257847672,6.718390804597701,7.0,8.637693410839749,1.262177448353619e-29
1494,200,30,tan(sin((abs((abs(x))-(cos(x))))+(x))),8.637693410839752,13.367998909023816,16.641393730632338,6.688235294117647,7.0,8.637693410839749,1.262177448353619e-29
1495,200,24,tan(sin((abs((abs(x))-(cos(x))))+(x))),8.637693410839752,11.826653633763147,13.597357691184161,6.7727272727272725,7.0,8.637693410839749,1.262177448353619e-29
1496,200,30,tan(sin((abs((abs(x))-(cos(x))))+(x))),8.637693410839752,13.370219263480385,16.46212446968179,6.858823529411764,7.0,8.637693410839749,1.262177448353619e-29
1497,200,34,tan(sin((abs((abs(x))-(cos(x))))+(x))),8.637693410839752,14.26444084850048,18.402896794632618,6.759036144578313,7.0,8.637693410839749,1.262177448353619e-29
1498,200,29,tan(sin((abs((abs(x))-(cos(x))))+(x))),8.637693410839752,13.589911423406809,22.322515159245864,6.690058479532164,7.0,8.637693410839749,1.262177448353619e-29
1499,200,29,tan(sin((abs((abs(x))-(cos(x))))+(x))),8.637693410839752,12.106525777120678,21.440520689511956,6.871345029239766,7.0,8.637693410839749,1.262177448353619e-29
1500,200,31,tan(sin((abs((abs(x))-(cos(x))))+(x))),8.637693410839752,15.36210165859955,43.78307894317624,6.7514792899408285,7.0,8.637693410839749,1.262177448353619e-29
1501,200,31,tan(sin((abs((abs(x))-(cos(x))))+(x))),8.637693410839752,13.53248456892493,15.810180786261109,6.863905325443787,7.0,8.637693410839749,1.262177448353619e-29
1502,200,20,tan(sin((abs((abs(x))-(cos(x))))+(x))),8.637693410839752,14.91495150022932,20.235560862881005,6.7444444444444445,7.0,8.637693410839749,1.262177448353619e-29
1503,200,30,tan(sin((abs((abs(x))-(cos(x))))+(x))),8.637693410839752,14.046671580729173,20.295001905502204,6.6647058823529415,7.0,8.637693410839749,1.262177448353619e-29
1504,200,30,tan(sin((abs((abs(x))-(cos(x))))+(x))),8.637693410839752,12.543745398894453,15.659896848851313,6.794117647058823,7.0,8.637693410839749,1.262177448353619e-29
1505,200,27,tan(sin((abs((abs(x))-(cos(x))))+(x))),8.637693410839752,13.486165113626097,14.165022852640938,6.7514450867052025,7.0,8.637693410839749,1.262177448353619e-29
1506,200,29,tan(sin((abs((abs(x))-(cos(x))))+(x))),8.637693410839752,13.853530506769676,17.072073046810704,6.730994152046784,7.0,8.637693410839749,1.262177448353619e-29
1507,200,27,tan(sin((abs((abs(x))-(cos(x))))+(x))),8.637693410839752,12.547463188123423,15.277430435493445,6.76878612716763,7.0,8.637693410839749,1.262177448353619e-29
1508,200,30,tan(sin((abs((abs(x))-(cos(x))))+(x))),8.637693410839752,11.602899705531112,10.215197625120071,6.8352941176470585,7.0,8.637693410839749,1.262177448353619e-29
1509,200,26,tan(sin((abs((abs(x))-(cos(x))))+(x))),8.637693410839752,14.987593769473484,39.91468608913079,6.735632183908046,7.0,8.637693410839749,1.262177448353619e-29
1510,200,33,tan(sin((abs((abs(x))-(cos(x))))+(x))),8.637693410839752,12.770664076701891,19.619117171506595,6.7844311377245505,7.0,8.637693410839749,1.262177448353619e-29
1511,200,31,tan(sin((abs((abs(x))-(cos(x))))+(x))),8.637693410839752,15.469631475387617,22.704488994330145,6.65680473372781,7.0,8.637693410839749,1.262177448353619e-29
1512,200,20,tan(sin((abs((abs(x))-(cos(x))))+(x))),8.637693410839752,20.80408525829051,83.50175845874861,6.622222222222222,7.0,8.637693410839749,1.262177448353619e-29
1513,200,30,tan(sin((abs((abs(x))-(cos(x))))+(x))),8.637693410839752,11.438443883103234,9.608377487459618,6.788235294117647,7.0,8.637693410839749,1.262177448353619e-29
1514,200,22,tan(sin((abs((abs(x))-(cos(x))))+(x))),8.637693410839752,12.247092545628513,12.149625093482783,6.651685393258427,7.0,8.637693410839749,1.262177448353619e-29
1515,200,32,tan(sin((abs((abs(x))-(cos(x))))+(x))),8.637693410839752,13.404026699543863,27.246374514106815,6.851190476190476,7.0,8.637693410839749,1.262177448353619e-29
1516,200,23,tan(sin((abs((abs(x))-(cos(x))))+(x))),8.637693410839752,13.769364348148597,24.740714731775693,6.790960451977401,7.0,8.637693410839749,1.262177448353619e-29
1517,200,34,tan(sin((abs((abs(x))-(cos(x))))+(x))),8.637693410839752,41.47256753846342,383.7374809382464,6.801204819277109,7.0,8.637693410839749,1.262177448353619e-29
1518,200,30,tan(sin((abs((abs(x))-(cos(x))))+(x))),8.637693410839752,16.39556362221694,30.290025367533467,6.8,7.0,8.637693410839749,1.262177448353619e-29
1519,200,27,tan(sin((abs((abs(x))-(cos(x))))+(x))),8.637693410839752,15.641349818238762,23.463089927986157,6.705202312138728,7.0,8.637693410839749,1.262177448353619e-29
1520,200,21,tan(sin((abs((abs(x))-(cos(x))))+(x))),8.637693410839752,13.696444552240354,16.703692261425665,6.620111731843576,7.0,8.637693410839749,1.262177448353619e-29
1521,200,30,tan(sin((abs((abs(x))-(cos(x))))+(x))),8.637693410839752,11.744942946980432,10.329219390767504,6.9,7.0,8.637693410839749,1.262177448353619e-29
1522,200,23,tan(sin((abs((abs(x))-(cos(x))))+(x))),8.637693410839752,14.246827067344281,19.203461458144194,6.649717514124294,7.0,8.637693410839749,1.262177448353619e-29
1523,200,29,tan(sin((abs((abs(x))-(cos(x))))+(x))),8.637693410839752,14.81598918390399,35.45979668292223,6.713450292397661,7.0,8.637693410839749,1.262177448353619e-29
1524,200,25,tan(sin((abs((abs(x))-(cos(x))))+(x))),8.637693410839752,14.662339564029462,22.10533935569931,6.617142857142857,7.0,8.637693410839749,1.262177448353619e-29
1525,200,25,tan(sin((abs((abs(x))-(cos(x))))+(x))),8.637693410839752,13.533502594400844,16.804634191824327,6.548571428571429,7.0,8.637693410839749,1.262177448353619e-29
1526,200,25,tan(sin((abs((abs(x))-(cos(x))))+(x))),8.637693410839752,15.79321467982844,43.781954846613836,6.8,7.0,8.637693410839749,1.262177448353619e-29
1527,200,26,tan(sin((abs((abs(x))-(cos(x))))+(x))),8.637693410839752,15.145551447872196,24.57327517863232,6.580459770114943,7.0,8.637693410839749,1.262177448353619e-29
1528,200,28,tan(sin((abs((abs(x))-(cos(x))))+(x))),8.637693410839752,13.392781511080885,17.618975127647836,6.901162790697675,7.0,8.637693410839749,1.262177448353619e-29
1529,200,24,tan(sin((abs((abs(x))-(cos(x))))+(x))),8.637693410839752,14.498366725360295,21.75488956519372,6.659090909090909,7.0,8.637693410839749,1.262177448353619e-29
1530,200,26,tan(sin((abs((abs(x))-(cos(x))))+(x))),8.637693410839752,15.86078195193675,29.96834751763133,6.695402298850575,7.0,8.637693410839749,1.262177448353619e-29
1531,200,30,tan(sin((abs((abs(x))-(cos(x))))+(x))),8.637693410839752,14.650498285118587,25.75246068720345,6.823529411764706,7.0,8.637693410839749,1.262177448353619e-29
1532,200,28,tan(sin((abs((abs(x))-(cos(x))))+(x))),8.637693410839752,12.412156182140142,11.393722073466352,6.738372093023256,7.0,8.637693410839749,1.262177448353619e-29
1533,200,30,tan(sin((abs((abs(x))-(cos(x))))+(x))),8.637693410839752,14.064805292705222,20.623027884970316,6.7823529411764705,7.0,8.637693410839749,1.262177448353619e-29
1534,200,32,tan(sin((abs((abs(x))-(cos(x))))+(x))),8.637693410839752,14.653100659723432,23.02103830368136,6.755952380952381,7.0,8.637693410839749,1.262177448353619e-29
1535,200,32,tan(sin((abs((abs(x))-(cos(x))))+(x))),8.637693410839752,13.700816725704044,16.247939937914825,6.755952380952381,7.0,8.637693410839749,1.262177448353619e-29
1536,200,31,tan(sin((abs((abs(x))-(cos(x))))+(x))),8.637693410839752,11.555734923347895,9.717557979625553,6.816568047337278,7.0,8.637693410839749,1.262177448353619e-29
1537,200,35,tan(sin((abs((abs(x))-(cos(x))))+(x))),8.637693410839752,12.844066900905055,13.837480024979142,6.818181818181818,7.0,8.637693410839749,1.262177448353619e-29
1538,200,33,tan(sin((abs((abs(x))-(cos(x))))+(x))),8.637693410839752,11.682339883636189,10.409680236440876,6.730538922155689,7.0,8.637693410839749,1.262177448353619e-29
1539,200,25,tan(sin((abs((abs(x))-(cos(x))))+(x))),8.637693410839752,16.235558006364485,26.808818880220052,6.651428571428571,7.0,8.637693410839749,1.262177448353619e-29
1540,200,29,tan(sin((abs((abs(x))-(cos(x))))+(x))),8.637693410839752,13.651896992017486,17.23678557071823,6.713450292397661,7.0,8.637693410839749,1.262177448353619e-29
1541,200,34,tan(sin((abs((abs(x))-(cos(x))))+(x))),8.637693410839752,13.281255123124508,20.806599349499177,6.789156626506024,7.0,8.637693410839749,1.262177448353619e-29
1542,200,26,tan(sin((abs((abs(x))-(cos(x))))+(x))),8.637693410839752,21.53478181119908,64.94143400107862,6.67816091954023,7.0,8.637693410839749,1.262177448353619e-29
1543,200,30,tan(sin((abs((abs(x))-(cos(x))))+(x))),8.637693410839752,12.874669518237038,16.954816333799627,6.8,7.0,8.637693410839749,1.262177448353619e-29
1544,200,29,tan(sin((abs((abs(x))-(cos(x))))+(x))),8.637693410839752,12.336052366831147,17.06862981994912,6.830409356725146,7.0,8.637693410839749,1.262177448353619e-29
1545,200,37,tan(sin((abs((abs(x))-(cos(x))))+(x))),8.637693410839752,12.80127652380223,22.0143344805174,6.871165644171779,7.0,8.637693410839749,1.262177448353619e-29
1546,200,28,tan(sin((abs((abs(x))-(cos(x))))+(x))),8.637693410839752,12.864744474143997,13.541949361369792,6.744186046511628,7.0,8.637693410839749,1.262177448353619e-29
1547,200,35,tan(sin((abs((abs(x))-(cos(x))))+(x))),8.637693410839752,12.59263496234838,12.027162791725063,6.703030303030303,7.0,8.637693410839749,1.262177448353619e-29
1548,200,30,tan(sin((abs((abs(x))-(cos(x))))+(x))),8.637693410839752,16.214625415152188,63.43250581918077,6.747058823529412,7.0,8.637693410839749,1.262177448353619e-29
1549,200,19,tan(sin((abs((abs(x))-(cos(x))))+(x))),8.637693410839752,19.473288184771654,90.3560031567206,6.624309392265193,7.0,8.637693410839749,1.262177448353619e-29
1550,200,30,(cos(abs(x)))+(sin((x)+(x))),4.0e-2,12.27107016492413,11.894237804758461,6.741176470588235,6.85,8.20780874029776,3.511215769372872
1551,200,27,(cos(abs(x)))+(sin((x)+(x))),4.0e-2,14.080323304529477,17.762619766575117,6.658959537572255,6.55,7.348039399213785,9.424842328316654
1552,200,30,(cos(abs(x)))+(sin((x)+(x))),4.0e-2,13.77389397294721,22.6752923488279,6.570588235294117,5.8,5.198616046503853,17.740879676831348
1553,200,29,(cos(abs(x)))+(sin((x)+(x))),4.0e-2,15.615603001672866,38.25594076109983,6.3274853801169595,4.0,4.000000000000001e-2,4.81482486096809e-35
1554,200,32,(cos(abs(x)))+(sin((x)+(x))),4.0e-2,12.01355939800973,29.251404308419467,5.565476190476191,4.0,4.000000000000001e-2,4.81482486096809e-35
1555,200,25,(cos(abs(x)))+(sin((x)+(x))),4.0e-2,7.902126513156415,24.571170313843083,4.594285714285714,4.0,4.000000000000001e-2,4.81482486096809e-35
1556,200,21,(cos(abs(x)))+(sin((x)+(x))),4.0e-2,11.023753075334106,32.612115092662236,4.067039106145251,4.0,4.000000000000001e-2,4.81482486096809e-35
1557,200,27,(cos(abs(x)))+(sin((x)+(x))),4.0e-2,6.973199221958493,24.529537013309245,4.104046242774566,4.0,4.000000000000001e-2,4.81482486096809e-35
1558,200,28,(cos(abs(x)))+(sin((x)+(x))),4.0e-2,7.198029572523584,26.900921196696782,3.994186046511628,4.0,4.000000000000001e-2,4.81482486096809e-35
1559,200,24,(cos(abs(x)))+(sin((x)+(x))),4.0e-2,7.510946563649807,22.188489707841534,3.897727272727273,4.0,4.000000000000001e-2,4.81482486096809e-35
1560,200,28,(cos(abs(x)))+(sin((x)+(x))),4.0e-2,4.9439332989276945,17.387796791182186,3.988372093023256,4.0,4.000000000000001e-2,4.81482486096809e-35
1561,200,32,(cos(abs(x)))+(sin((x)+(x))),4.0e-2,4.33480836246148,13.810291418288383,3.9404761904761907,4.0,4.000000000000001e-2,4.81482486096809e-35
1562,200,30,(cos(abs(x)))+(sin((x)+(x))),4.0e-2,19.596091335230298,195.36064284528666,3.976470588235294,4.0,4.000000000000001e-2,4.81482486096809e-35
1563,200,20,(cos(abs(x)))+(sin((x)+(x))),4.0e-2,7.180855227117595,22.744099194759762,3.861111111111111,4.0,4.000000000000001e-2,4.81482486096809e-35
1564,200,28,(cos(abs(x)))+(sin((x)+(x))),4.0e-2,4.188284070670566,12.702560239132362,4.034883720930233,4.0,4.000000000000001e-2,4.81482486096809e-35
1565,200,23,(cos(abs(x)))+(sin((x)+(x))),4.0e-2,5.163991089827963,15.525046961318568,4.033898305084746,4.0,4.000000000000001e-2,4.81482486096809e-35
1566,200,21,(cos(abs(x)))+(sin((x)+(x))),4.0e-2,8.882782444844217,23.550746016080588,4.050279329608938,4.0,4.000000000000001e-2,4.81482486096809e-35
1567,200,26,(cos(abs(x)))+(sin((x)+(x))),4.0e-2,5.05748171740337,15.34242477922966,4.080459770114943,4.0,4.000000000000001e-2,4.81482486096809e-35
1568,200,32,(cos(abs(x)))+(sin((x)+(x))),4.0e-2,7.459313473130173,30.38202121600193,3.9285714285714284,4.0,4.000000000000001e-2,4.81482486096809e-35
1569,200,25,(cos(abs(x)))+(sin((x)+(x))),4.0e-2,7.684270107421909,36.25625165973653,4.022857142857143,4.0,4.000000000000001e-2,4.81482486096809e-35
1570,200,25,(cos(abs(x)))+(sin((x)+(x))),4.0e-2,7.191871444410334,26.652739613265197,3.9771428571428573,4.0,4.000000000000001e-2,4.81482486096809e-35
1571,200,25,(cos(abs(x)))+(sin((x)+(x))),4.0e-2,5.58233513857095,20.237864760630057,4.011428571428572,4.0,4.000000000000001e-2,4.81482486096809e-35
1572,200,25,(cos(abs(x)))+(sin((x)+(x))),4.0e-2,7.053875758588256,28.75102111546841,3.8857142857142857,4.0,4.000000000000001e-2,4.81482486096809e-35
1573,200,24,(cos(abs(x)))+(sin((x)+(x))),4.0e-2,5.974784823907291,19.29440156141035,3.971590909090909,4.0,4.000000000000001e-2,4.81482486096809e-35
1574,200,30,(cos(abs(x)))+(sin((x)+(x))),4.0e-2,5.582798420474752,22.99121295731091,3.9529411764705884,4.0,4.000000000000001e-2,4.81482486096809e-35
1575,200,30,(cos(abs(x)))+(sin((x)+(x))),4.0e-2,9.698393674553834,41.976301412232615,4.047058823529412,4.0,4.000000000000001e-2,4.81482486096809e-35
1576,200,29,(cos(abs(x)))+(sin((x)+(x))),4.0e-2,3.502723360375727,11.51777511529155,3.9649122807017543,4.0,4.000000000000001e-2,4.81482486096809e-35
1577,200,30,(cos(abs(x)))+(sin((x)+(x))),4.0e-2,4.398131041439634,12.74960570250412,3.9235294117647057,4.0,4.000000000000001e-2,4.81482486096809e-35
1578,200,25,(cos(abs(x)))+(sin((x)+(x))),4.0e-2,7.419727406321052,22.149266312064263,3.9085714285714284,4.0,4.000000000000001e-2,4.81482486096809e-35
1579,200,28,(cos(abs(x)))+(sin((x)+(x))),4.0e-2,3.270627761765376,10.921660881064755,4.0523255813953485,4.0,4.000000000000001e-2,4.81482486096809e-35
1580,200,27,(cos(abs(x)))+(sin((x)+(x))),4.0e-2,4.09788985831863,13.566612856144408,3.976878612716763,4.0,4.000000000000001e-2,4.81482486096809e-35
1581,200,32,(cos(abs(x)))+(sin((x)+(x))),4.0e-2,4.824716053407292,17.643645105272736,3.9107142857142856,4.0,4.000000000000001e-2,4.81482486096809e-35
1582,200,25,(cos(abs(x)))+(sin((x)+(x))),4.0e-2,8.085278095154836,29.00426217226248,3.9771428571428573,4.0,4.000000000000001e-2,4.81482486096809e-35
1583,200,23,(cos(abs(x)))+(sin((x)+(x))),4.0e-2,7.517451747151915,34.10338317342586,3.9604519774011298,4.0,4.000000000000001e-2,4.81482486096809e-35
1584,200,23,(cos(abs(x)))+(sin((x)+(x))),4.0e-2,11.4703183816743,49.18946113993667,3.9887005649717513,4.0,4.000000000000001e-2,4.81482486096809e-35
1585,200,25,(cos(abs(x)))+(sin((x)+(x))),4.0e-2,5.205482823655456,17.669698026364788,4.04,4.0,4.000000000000001e-2,4.81482486096809e-35
1586,200,24,(cos(abs(x)))+(sin((x)+(x))),4.0e-2,5.358947144237271,14.444151834377893,4.051136363636363,4.0,4.000000000000001e-2,4.81482486096809e-35
1587,200,28,(cos(abs(x)))+(sin((x)+(x))),4.0e-2,3.483498452631436,11.648103602043836,3.9244186046511627,4.0,4.000000000000001e-2,4.81482486096809e-35
1588,200,23,(cos(abs(x)))+(sin((x)+(x))),4.0e-2,5.669037998921995,21.235545958759218,3.937853107344633,4.0,4.000000000000001e-2,4.81482486096809e-35
1589,200,17,(cos(abs(x)))+(sin((x)+(x))),4.0e-2,9.539335979169477,34.49435720037618,4.0710382513661205,4.0,4.000000000000001e-2,4.81482486096809e-35
1590,200,29,(cos(abs(x)))+(sin((x)+(x))),4.0e-2,5.299168374733084,18.01834028591719,4.029239766081871,4.0,4.000000000000001e-2,4.81482486096809e-35
1591,200,23,(cos(abs(x)))+(sin((x)+(x))),4.0e-2,7.175851389267176,29.742970849449335,4.0508474576271185,4.0,4.000000000000001e-2,4.81482486096809e-35
1592,200,28,(cos(abs(x)))+(sin((x)+(x))),4.0e-2,5.877603729677099,24.501047891968035,3.9651162790697674,4.0,4.000000000000001e-2,4.81482486096809e-35
1593,200,25,(cos(abs(x)))+(sin((x)+(x))),4.0e-2,8.723496528249418,43.1566579141596,3.92,4.0,4.000000000000001e-2,4.81482486096809e-35
1594,200,31,(cos(abs(x)))+(sin((x)+(x))),4.0e-2,5.04699367586886,14.869240061995137,3.9467455621301775,4.0,4.000000000000001e-2,4.81482486096809e-35
1595,200,25,(cos(abs(x)))+(sin((x)+(x))),4.0e-2,6.304086485413992,20.684100962661308,3.92,4.0,4.000000000000001e-2,4.81482486096809e-35
1596,200,27,(cos(abs(x)))+(sin((x)+(x))),4.0e-2,5.196295979946486,19.84534055551397,4.017341040462428,4.0,4.000000000000001e-2,4.81482486096809e-35
1597,200,32,(cos(abs(x)))+(sin((x)+(x))),4.0e-2,4.529177510364917,12.507959802994634,4.0,4.0,4.000000000000001e-2,4.81482486096809e-35
1598,200,22,(cos(abs(x)))+(sin((x)+(x))),4.0e-2,6.108537676751868,14.694149181526566,4.022471910112359,4.0,4.000000000000001e-2,4.81482486096809e-35
1599,200,25,(cos(abs(x)))+(sin((x)+(x))),4.0e-2,4.298613784950241,13.034920107567249,3.9771428571428573,4.0,4.000000000000001e-2,4.81482486096809e-35
1600,200,26,(cos(abs(x)))+(sin((x)+(x))),4.0e-2,7.817778542166474,28.27798822477165,4.022988505747127,4.0,4.000000000000001e-2,4.81482486096809e-35
1601,200,29,(cos(abs(x)))+(sin((x)+(x))),4.0e-2,6.463031717907303,28.40020731538472,4.099415204678363,4.0,4.000000000000001e-2,4.81482486096809e-35
1602,200,20,(cos(abs(x)))+(sin((x)+(x))),4.0e-2,6.793666879766016,20.48701670137041,3.9944444444444445,4.0,4.000000000000001e-2,4.81482486096809e-35
1603,200,35,(cos(abs(x)))+(sin((x)+(x))),4.0e-2,4.77176448596592,17.50966867408592,4.03030303030303,4.0,4.000000000000001e-2,4.81482486096809e-35
1604,200,31,(cos(abs(x)))+(sin((x)+(x))),4.0e-2,4.162736446267384,11.619031489708465,4.035502958579881,4.0,4.000000000000001e-2,4.81482486096809e-35
1605,200,24,(cos(abs(x)))+(sin((x)+(x))),4.0e-2,7.658486681679667,23.628891203433284,3.960227272727273,4.0,4.000000000000001e-2,4.81482486096809e-35
1606,200,27,(cos(abs(x)))+(sin((x)+(x))),4.0e-2,7.206705644285314,16.94500351939133,3.8439306358381504,4.0,4.000000000000001e-2,4.81482486096809e-35
1607,200,31,(cos(abs(x)))+(sin((x)+(x))),4.0e-2,5.1264609174632865,13.1876461701794,4.047337278106509,4.0,4.000000000000001e-2,4.81482486096809e-35
1608,200,30,(cos(abs(x)))+(sin((x)+(x))),4.0e-2,4.263684353280579,12.866863424223734,3.9941176470588236,4.0,4.000000000000001e-2,4.81482486096809e-35
1609,200,24,(cos(abs(x)))+(sin((x)+(x))),4.0e-2,6.900214795538185,25.309701410431362,3.965909090909091,4.0,4.000000000000001e-2,4.81482486096809e-35
1610,200,29,(cos(abs(x)))+(sin((x)+(x))),4.0e-2,5.891332306280461,15.912227587033017,3.91812865497076,4.0,4.000000000000001e-2,4.81482486096809e-35
1611,200,26,(cos(abs(x)))+(sin((x)+(x))),4.0e-2,6.173712849245731,20.43387829978937,3.971264367816092,4.0,4.000000000000001e-2,4.81482486096809e-35
1612,200,30,(cos(abs(x)))+(sin((x)+(x))),4.0e-2,8.560024260146182,40.374321789214335,4.070588235294117,4.0,4.000000000000001e-2,4.81482486096809e-35
1613,200,23,(cos(abs(x)))+(sin((x)+(x))),4.0e-2,8.231326002078571,35.18017460099406,4.056497175141243,4.0,4.000000000000001e-2,4.81482486096809e-35
1614,200,25,(cos(abs(x)))+(sin((x)+(x))),4.0e-2,7.170232642858767,23.536406037990055,3.9257142857142857,4.0,4.000000000000001e-2,4.81482486096809e-35
1615,200,29,(cos(abs(x)))+(sin((x)+(x))),4.0e-2,5.046790836532463,14.794136015143952,3.9590643274853803,4.0,4.000000000000001e-2,4.81482486096809e-35
1616,200,23,(cos(abs(x)))+(sin((x)+(x))),4.0e-2,5.340809149393265,16.989939471758834,3.926553672316384,4.0,4.000000000000001e-2,4.81482486096809e-35
1617,200,30,(cos(abs(x)))+(sin((x)+(x))),4.0e-2,5.103309377223108,15.521302818811499,3.911764705882353,4.0,4.000000000000001e-2,4.81482486096809e-35
1618,200,29,(cos(abs(x)))+(sin((x)+(x))),4.0e-2,4.113726573369419,13.362819917588054,4.04093567251462,4.0,4.000000000000001e-2,4.81482486096809e-35
1619,200,21,(cos(abs(x)))+(sin((x)+(x))),4.0e-2,11.355645533136805,40.411016296222,3.9329608938547485,4.0,4.000000000000001e-2,4.81482486096809e-35
1620,200,25,(cos(abs(x)))+(sin((x)+(x))),4.0e-2,24.801635741311184,231.696759077361,3.96,4.0,4.000000000000001e-2,4.81482486096809e-35
1621,200,20,(cos(abs(x)))+(sin((x)+(x))),4.0e-2,8.100827047397065,26.544373402519422,3.966666666666667,4.0,4.000000000000001e-2,4.81482486096809e-35
1622,200,26,(cos(abs(x)))+(sin((x)+(x))),4.0e-2,8.79821263827302,46.718173592174,4.074712643678161,4.0,4.000000000000001e-2,4.81482486096809e-35
1623,200,30,(cos(abs(x)))+(sin((x)+(x))),4.0e-2,7.009334914549828,28.58232348476198,4.023529411764706,4.0,4.000000000000001e-2,4.81482486096809e-35
1624,200,24,(cos(abs(x)))+(sin((x)+(x))),4.0e-2,9.49828192231911,46.6822961983457,4.017045454545454,4.0,4.000000000000001e-2,4.81482486096809e-35
1625,200,23,(cos(abs(x)))+(sin((x)+(x))),4.0e-2,7.932519688599876,24.23459493601338,3.926553672316384,4.0,4.000000000000001e-2,4.81482486096809e-35
1626,200,23,(cos(abs(x)))+(sin((x)+(x))),4.0e-2,24.67213180202406,231.5570567696131,3.994350282485876,4.0,4.000000000000001e-2,4.81482486096809e-35
1627,200,36,(cos(abs(x)))+(sin((x)+(x))),4.0e-2,4.346603655039043,13.134916430435995,4.030487804878049,4.0,4.000000000000001e-2,4.81482486096809e-35
1628,200,32,(cos(abs(x)))+(sin((x)+(x))),4.0e-2,4.19900803021313,14.83854513112558,3.9226190476190474,4.0,4.000000000000001e-2,4.81482486096809e-35
1629,200,28,(cos(abs(x)))+(sin((x)+(x))),4.0e-2,5.956768979729586,25.943434543348868,4.087209302325581,4.0,4.000000000000001e-2,4.81482486096809e-35
1630,200,26,(cos(abs(x)))+(sin((x)+(x))),4.0e-2,4.4969067035856405,13.122789382782502,3.9367816091954024,4.0,4.000000000000001e-2,4.81482486096809e-35
1631,200,28,(cos(abs(x)))+(sin((x)+(x))),4.0e-2,9.263598152411674,46.05968859078394,3.941860465116279,4.0,4.000000000000001e-2,4.81482486096809e-35
1632,200,23,(cos(abs(x)))+(sin((x)+(x))),4.0e-2,9.16473751478179,38.81357712023443,3.9717514124293785,4.0,4.000000000000001e-2,4.81482486096809e-35
1633,200,25,(cos(abs(x)))+(sin((x)+(x))),4.0e-2,6.60042553000542,23.243157686898456,3.8914285714285715,4.0,4.000000000000001e-2,4.81482486096809e-35
1634,200,26,(cos(abs(x)))+(sin((x)+(x))),4.0e-2,5.835239804188108,21.49804808783585,4.068965517241379,4.0,4.000000000000001e-2,4.81482486096809e-35
1635,200,23,(cos(abs(x)))+(sin((x)+(x))),4.0e-2,6.092781835553314,15.455066684857007,3.92090395480226,4.0,4.000000000000001e-2,4.81482486096809e-35
1636,200,27,(cos(abs(x)))+(sin((x)+(x))),4.0e-2,11.82620699584505,44.714698744806164,4.07514450867052,4.0,4.000000000000001e-2,4.81482486096809e-35
1637,200,25,(cos(abs(x)))+(sin((x)+(x))),4.0e-2,7.750324499815279,25.5338964546332,3.954285714285714,4.0,4.000000000000001e-2,4.81482486096809e-35
1638,200,23,(cos(abs(x)))+(sin((x)+(x))),4.0e-2,10.218908348647837,54.368041135965484,3.9322033898305087,4.0,4.000000000000001e-2,4.81482486096809e-35
1639,200,30,(cos(abs(x)))+(sin((x)+(x))),4.0e-2,4.020025258453652,13.221122867485207,4.041176470588235,4.0,4.000000000000001e-2,4.81482486096809e-35
1640,200,33,(cos(abs(x)))+(sin((x)+(x))),4.0e-2,6.849086325426777,24.92629808582463,4.077844311377246,4.0,4.000000000000001e-2,4.81482486096809e-35
1641,200,27,(cos(abs(x)))+(sin((x)+(x))),4.0e-2,8.988883589439695,29.329036173593465,3.9653179190751446,4.0,4.000000000000001e-2,4.81482486096809e-35
1642,200,27,(cos(abs(x)))+(sin((x)+(x))),4.0e-2,7.829039956134783,28.95197687270785,3.9884393063583814,4.0,4.000000000000001e-2,4.81482486096809e-35
1643,200,26,(cos(abs(x)))+(sin((x)+(x))),4.0e-2,9.327209559064592,34.04662931444735,4.0344827586206895,4.0,4.000000000000001e-2,4.81482486096809e-35
1644,200,26,(cos(abs(x)))+(sin((x)+(x))),4.0e-2,7.153080877010577,23.27702679362331,3.9080459770114944,4.0,4.000000000000001e-2,4.81482486096809e-35
1645,200,27,(cos(abs(x)))+(sin((x)+(x))),4.0e-2,6.899541398554239,21.72727215621186,4.07514450867052,4.0,4.000000000000001e-2,4.81482486096809e-35
1646,200,24,(cos(abs(x)))+(sin((x)+(x))),4.0e-2,7.1263976460062475,17.810583593492407,3.914772727272727,4.0,4.000000000000001e-2,4.81482486096809e-35
1647,200,29,(cos(abs(x)))+(sin((x)+(x))),4.0e-2,4.862159781953454,17.890725241341503,3.91812865497076,4.0,4.000000000000001e-2,4.81482486096809e-35
1648,200,25,(cos(abs(x)))+(sin((x)+(x))),4.0e-2,6.109862050556276,16.045053370295612,3.954285714285714,4.0,4.000000000000001e-2,4.81482486096809e-35
1649,200,22,(cos(abs(x)))+(sin((x)+(x))),4.0e-2,5.887292625889866,19.162698545521568,3.842696629213483,4.0,4.000000000000001e-2,4.81482486096809e-35
1650,200,34,(cos(abs(x)))+(sin((x)+(x))),4.0e-2,531.2617335531324,6772.599640044751,4.030120481927711,4.0,4.000000000000001e-2,4.81482486096809e-35
1651,200,24,(cos(abs(x)))+(sin((x)+(x))),4.0e-2,3.9950994871716814,15.828441973346191,4.0227272727272725,4.0,4.000000000000001e-2,4.81482486096809e-35
1652,200,28,(cos(x))+(sin((x)+(x))),4.0e-2,8.046980791188082,29.323640091059083,3.953488372093023,4.0,4.000000000000001e-2,4.81482486096809e-35
1653,200,29,(cos(x))+(sin((x)+(x))),4.0e-2,5.588826822313419,18.79756706019592,3.91812865497076,4.0,4.000000000000001e-2,4.81482486096809e-35
1654,200,27,(cos(abs(x)))+(sin((x)+(x))),4.0e-2,5.244583752875134,13.925260484537285,3.9190751445086707,4.0,4.000000000000001e-2,4.81482486096809e-35
1655,200,30,(cos(abs(x)))+(sin((x)+(x))),4.0e-2,6.000375499505706,23.113606600464248,4.035294117647059,4.0,4.000000000000001e-2,4.81482486096809e-35
1656,200,24,(cos(abs(x)))+(sin((x)+(x))),4.0e-2,6.2814464828159,19.068334155038997,3.960227272727273,4.0,4.000000000000001e-2,4.81482486096809e-35
1657,200,27,(cos(abs(x)))+(sin((x)+(x))),4.0e-2,4.279506132201857,13.190828155789093,3.9653179190751446,4.0,4.000000000000001e-2,4.81482486096809e-35
1658,200,21,(cos(abs(x)))+(sin((x)+(x))),4.0e-2,6.0816976301802,20.50646870012646,3.9497206703910615,4.0,4.000000000000001e-2,4.81482486096809e-35
1659,200,24,(cos(abs(x)))+(sin((x)+(x))),4.0e-2,7.198057915375302,25.868544033633636,3.9318181818181817,4.0,4.000000000000001e-2,4.81482486096809e-35
1660,200,24,(cos(abs(x)))+(sin((x)+(x))),4.0e-2,8.063918500428302,33.16119852254545,3.977272727272727,4.0,4.000000000000001e-2,4.81482486096809e-35
1661,200,24,(cos(abs(x)))+(sin((x)+(x))),4.0e-2,9.15355326930652,37.44431659145597,3.977272727272727,4.0,4.000000000000001e-2,4.81482486096809e-35
1662,200,28,(cos(abs(x)))+(sin((x)+(x))),4.0e-2,16.059381739793203,85.09159853523157,3.947674418604651,4.0,4.000000000000001e-2,4.81482486096809e-35
1663,200,24,(cos(abs(x)))+(sin((x)+(x))),4.0e-2,6.6026032383214615,33.50184028108639,3.9204545454545454,4.0,4.000000000000001e-2,4.81482486096809e-35
1664,200,29,(cos(abs(x)))+(sin((x)+(x))),4.0e-2,5.064373264463772,18.236077467333846,4.0,4.0,4.000000000000001e-2,4.81482486096809e-35
1665,200,17,(cos(abs(x)))+(sin((x)+(x))),4.0e-2,11.232607452361588,40.20342075668749,4.0,4.0,4.000000000000001e-2,4.81482486096809e-35
1666,200,21,(cos(abs(x)))+(sin((x)+(x))),4.0e-2,6.990154426738778,24.014574713317923,3.983240223463687,4.0,4.000000000000001e-2,4.81482486096809e-35
1667,200,24,(cos(abs(x)))+(sin((x)+(x))),4.0e-2,6.669171154780318,17.60899213074668,3.846590909090909,4.0,4.000000000000001e-2,4.81482486096809e-35
1668,200,33,(cos(x))+(sin((x)+(x))),4.0e-2,4.3157343425948165,17.15498408772492,4.1017964071856285,4.0,4.000000000000001e-2,4.81482486096809e-35
1669,200,32,(cos(x))+(sin((x)+(x))),4.0e-2,4.524867857925747,17.569260954798413,3.982142857142857,4.0,4.000000000000001e-2,4.81482486096809e-35
1670,200,23,(cos(abs(x)))+(sin((x)+(x))),4.0e-2,5.824836982153813,20.943115516837256,4.045197740112994,4.0,4.000000000000001e-2,4.81482486096809e-35
1671,200,27,(cos(abs(x)))+(sin((x)+(x))),4.0e-2,5.214635447485376,20.08983767145475,3.9826589595375723,4.0,4.000000000000001e-2,4.81482486096809e-35
1672,200,32,(cos(abs(x)))+(sin((x)+(x))),4.0e-2,4.904617615677996,15.57149431199336,3.9642857142857144,4.0,4.000000000000001e-2,4.81482486096809e-35
1673,200,30,(cos(abs(x)))+(sin((x)+(x))),4.0e-2,5.486828553003132,13.841107453020616,3.9705882352941178,4.0,4.000000000000001e-2,4.81482486096809e-35
1674,200,33,(cos(x))+(sin((x)+(x))),4.0e-2,6.536034385801987,29.98981553428453,3.946107784431138,4.0,4.000000000000001e-2,4.81482486096809e-35
1675,200,24,(cos(abs(x)))+(sin((x)+(x))),4.0e-2,8.845603375189034,42.90986392613317,3.875,4.0,4.000000000000001e-2,4.81482486096809e-35
1676,200,25,(cos(abs(x)))+(sin((x)+(x))),4.0e-2,6.018821072628911,18.418134793111992,3.88,4.0,4.000000000000001e-2,4.81482486096809e-35
1677,200,26,(cos(abs(x)))+(sin((x)+(x))),4.0e-2,8.646260920853763,27.407658408807663,4.074712643678161,4.0,4.000000000000001e-2,4.81482486096809e-35
1678,200,30,(cos(abs(x)))+(sin((x)+(x))),4.0e-2,5.132312774080766,18.570911551880368,3.947058823529412,4.0,4.000000000000001e-2,4.81482486096809e-35
1679,200,22,(cos(x))+(sin((x)+(x))),4.0e-2,5.673094904271392,17.644891665376004,3.8876404494382024,4.0,4.000000000000001e-2,4.81482486096809e-35
1680,200,20,(cos(abs(x)))+(sin((x)+(x))),4.0e-2,9.363057676277744,34.40175500923619,3.922222222222222,4.0,4.000000000000001e-2,4.81482486096809e-35
1681,200,30,(cos(abs(x)))+(sin((x)+(x))),4.0e-2,23.668759708325865,233.97086566124656,4.064705882352941,4.0,4.000000000000001e-2,4.81482486096809e-35
1682,200,24,(cos(abs(x)))+(sin((x)+(x))),4.0e-2,23.734421536820218,230.60578380887878,4.056818181818182,4.0,4.000000000000001e-2,4.81482486096809e-35
1683,200,30,(cos(abs(x)))+(sin((x)+(x))),4.0e-2,5.438697687045697,19.82856206800622,3.9647058823529413,4.0,4.000000000000001e-2,4.81482486096809e-35
1684,200,29,(cos(abs(x)))+(sin((x)+(x))),4.0e-2,5.535466891377048,14.517964893459895,3.953216374269006,4.0,4.000000000000001e-2,4.81482486096809e-35
1685,200,30,(cos(abs(x)))+(sin((x)+(x))),4.0e-2,11.041477292434555,45.93237924125088,3.9,4.0,4.000000000000001e-2,4.81482486096809e-35
1686,200,24,(cos(abs(x)))+(sin((x)+(x))),4.0e-2,6.725450212428249,22.942468162958072,4.011363636363637,4.0,4.000000000000001e-2,4.81482486096809e-35
1687,200,22,(cos(x))+(sin((x)+(x))),4.0e-2,8.314892874300092,28.811163632166828,3.904494382022472,4.0,4.000000000000001e-2,4.81482486096809e-35
1688,200,24,(cos(abs(x)))+(sin((x)+(x))),4.0e-2,4.937115265465141,15.975637662238658,3.9829545454545454,4.0,4.000000000000001e-2,4.81482486096809e-35
1689,200,28,(cos(x))+(sin((x)+(x))),4.0e-2,5.589505920614301,20.083320039403226,4.0,4.0,4.000000000000001e-2,4.81482486096809e-35
1690,200,23,(cos(abs(x)))+(sin((x)+(x))),4.0e-2,11.863141635453383,47.56963007993522,3.8813559322033897,4.0,4.000000000000001e-2,4.81482486096809e-35
1691,200,26,(cos(x))+(sin((x)+(x))),4.0e-2,15.39006229219096,136.91142915608998,4.051724137931035,4.0,4.000000000000001e-2,4.81482486096809e-35
1692,200,21,(cos(abs(x)))+(sin((x)+(x))),4.0e-2,6.6976591673931445,22.233013441245422,3.905027932960894,4.0,4.000000000000001e-2,4.81482486096809e-35
1693,200,32,(cos(x))+(sin((x)+(x))),4.0e-2,3.0532397665394333,11.574403996112066,3.8988095238095237,4.0,4.000000000000001e-2,4.81482486096809e-35
1694,200,25,(cos(x))+(sin((x)+(x))),4.0e-2,8.616950057960882,26.46171910000844,3.9085714285714284,4.0,4.000000000000001e-2,4.81482486096809e-35
1695,200,29,(cos(x))+(sin((x)+(x))),4.0e-2,5.301594372343395,18.785648067368236,3.91812865497076,4.0,4.000000000000001e-2,4.81482486096809e-35
1696,200,30,(cos(x))+(sin((x)+(x))),4.0e-2,7.264942708883762,42.00539266089863,3.929411764705882,4.0,4.000000000000001e-2,4.81482486096809e-35
1697,200,29,(cos(abs(x)))+(sin((x)+(x))),4.0e-2,9.066681212240004,41.09310025187251,4.052631578947368,4.0,4.000000000000001e-2,4.81482486096809e-35
1698,200,23,(cos(x))+(sin((x)+(x))),4.0e-2,8.634324857081479,29.86844628132499,3.8870056497175143,4.0,4.000000000000001e-2,4.81482486096809e-35
1699,200,16,(cos(abs(x)))+(sin((x)+(x))),4.0e-2,8.31882463633018,26.49712478545482,3.847826086956522,4.0,4.000000000000001e-2,4.81482486096809e-35
1700,200,27,(cos(x))+(sin((x)+(x))),4.0e-2,4.49026790239758,13.805643725107043,4.028901734104046,4.0,4.000000000000001e-2,4.81482486096809e-35
1701,200,28,(cos(abs(x)))+(sin((x)+(x))),4.0e-2,6.990487537098539,32.73154675715822,3.9709302325581395,4.0,4.000000000000001e-2,4.81482486096809e-35
1702,200,33,(cos(abs(x)))+(sin((x)+(x))),4.0e-2,5.938590371740572,18.969558614709655,4.005988023952096,4.0,4.000000000000001e-2,4.81482486096809e-35
1703,200,21,(cos(abs(x)))+(sin((x)+(x))),4.0e-2,7.151693140942376,22.82234957435494,3.9553072625698324,4.0,4.000000000000001e-2,4.81482486096809e-35
1704,200,28,(cos(abs(x)))+(sin((x)+(x))),4.0e-2,5.426455651069028,23.439389262169094,4.011627906976744,4.0,4.000000000000001e-2,4.81482486096809e-35
1705,200,29,(cos(abs(x)))+(sin((x)+(x))),4.0e-2,5.536941855304006,20.878112268068513,4.04093567251462,4.0,4.000000000000001e-2,4.81482486096809e-35
1706,200,29,(cos(x))+(sin((x)+(x))),4.0e-2,5.79280857325996,18.38746106942387,4.093567251461988,4.0,4.000000000000001e-2,4.81482486096809e-35
1707,200,35,(cos(x))+(sin((x)+(x))),4.0e-2,4.658215921467855,18.371446519626385,3.981818181818182,4.0,4.000000000000001e-2,4.81482486096809e-35
1708,200,24,(cos(abs(x)))+(sin((x)+(x))),4.0e-2,7.781030286938162,22.54184480452603,3.9318181818181817,4.0,4.000000000000001e-2,4.81482486096809e-35
1709,200,29,(cos(abs(x)))+(sin((x)+(x))),4.0e-2,5.669641720670194,21.183426972144478,3.953216374269006,4.0,4.000000000000001e-2,4.81482486096809e-35
1710,200,27,(cos(abs(x)))+(sin((x)+(x))),4.0e-2,6.096007690640382,18.61456928343643,3.907514450867052,4.0,4.000000000000001e-2,4.81482486096809e-35
1711,200,30,(cos(abs(x)))+(sin((x)+(x))),4.0e-2,22.785788322047623,222.27397325239903,3.9705882352941178,4.0,4.000000000000001e-2,4.81482486096809e-35
1712,200,30,(cos(x))+(sin((x)+(x))),4.0e-2,7.189414557998015,22.67645736137971,4.023529411764706,4.0,4.000000000000001e-2,4.81482486096809e-35
1713,200,30,(cos(x))+(sin((x)+(x))),4.0e-2,4.83660817900005,17.244106039854938,3.929411764705882,4.0,4.000000000000001e-2,4.81482486096809e-35
1714,200,28,(cos(x))+(sin((x)+(x))),4.0e-2,6.495673208991994,20.40662975616888,3.9767441860465116,4.0,4.000000000000001e-2,4.81482486096809e-35
1715,200,34,(cos(abs(x)))+(sin((x)+(x))),4.0e-2,8.366464858028914,45.43245382495974,4.0602409638554215,4.0,4.000000000000001e-2,4.81482486096809e-35
1716,200,26,(cos(x))+(sin((x)+(x))),4.0e-2,7.902982063789431,28.302589946995926,3.9942528735632186,4.0,4.000000000000001e-2,4.81482486096809e-35
1717,200,28,(cos(abs(x)))+(sin((x)+(x))),4.0e-2,6.504822918296085,20.08597372176696,3.9302325581395348,4.0,4.000000000000001e-2,4.81482486096809e-35
1718,200,30,(cos(x))+(sin((x)+(x))),4.0e-2,3.931269090558481,12.370573429954781,3.9941176470588236,4.0,4.000000000000001e-2,4.81482486096809e-35
1719,200,32,(cos(x))+(sin((x)+(x))),4.0e-2,5.511578802705399,22.925117953608147,4.017857142857143,4.0,4.000000000000001e-2,4.81482486096809e-35
1720,200,22,(cos(abs(x)))+(sin((x)+(x))),4.0e-2,13.79052255215521,75.07020626838474,3.893258426966292,4.0,4.000000000000001e-2,4.81482486096809e-35
1721,200,23,(cos(abs(x)))+(sin((x)+(x))),4.0e-2,10.235084017765931,39.75070311355395,3.983050847457627,4.0,4.000000000000001e-2,4.81482486096809e-35
1722,200,29,(cos(x))+(sin((x)+(x))),4.0e-2,4.299332429885248,12.7192679293455,3.9298245614035086,4.0,4.000000000000001e-2,4.81482486096809e-35
1723,200,30,(cos(x))+(sin((x)+(x))),4.0e-2,5.114847398169196,19.57799645330136,4.017647058823529,4.0,4.000000000000001e-2,4.81482486096809e-35
1724,200,27,(cos(abs(x)))+(sin((x)+(x))),4.0e-2,5.50629810656731,22.461616712816042,3.953757225433526,4.0,4.000000000000001e-2,4.81482486096809e-35
1725,200,23,(cos(abs(x)))+(sin((x)+(x))),4.0e-2,9.034873421850397,50.360267893976925,3.8926553672316384,4.0,4.000000000000001e-2,4.81482486096809e-35
1726,200,21,(cos(x))+(sin((x)+(x))),4.0e-2,6.9166390156907935,18.059206907172936,3.815642458100559,4.0,4.000000000000001e-2,4.81482486096809e-35
1727,200,22,(cos(x))+(sin((x)+(x))),4.0e-2,6.505600752917779,24.502653386957093,3.8876404494382024,4.0,4.000000000000001e-2,4.81482486096809e-35
1728,200,37,(cos(abs(x)))+(sin((x)+(x))),4.0e-2,3.5513989990747317,11.524686816154261,3.9079754601226995,4.0,4.000000000000001e-2,4.81482486096809e-35
1729,200,20,(cos(abs(x)))+(sin((x)+(x))),4.0e-2,9.11508544618829,28.274418917695456,3.838888888888889,4.0,4.000000000000001e-2,4.81482486096809e-35
1730,200,24,(cos(x))+(sin((x)+(x))),4.0e-2,6.167615527030444,19.707498770407557,3.9375,4.0,4.000000000000001e-2,4.81482486096809e-35
1731,200,28,(cos(x))+(sin((x)+(x))),4.0e-2,9.291041304446342,34.44231656014556,4.0813953488372094,4.0,4.000000000000001e-2,4.81482486096809e-35
1732,200,29,(cos(x))+(sin((x)+(x))),4.0e-2,4.542686033610419,12.126672351089946,3.953216374269006,4.0,4.000000000000001e-2,4.81482486096809e-35
1733,200,26,(cos(x))+(sin((x)+(x))),4.0e-2,5.893491159194149,24.15144951282529,4.120689655172414,4.0,4.000000000000001e-2,4.81482486096809e-35
1734,200,26,(cos(abs(x)))+(sin((x)+(x))),4.0e-2,10.552215859140107,80.25001416243337,3.971264367816092,4.0,4.000000000000001e-2,4.81482486096809e-35
1735,200,25,(cos(abs(x)))+(sin((x)+(x))),4.0e-2,7.247825665268145,22.913692469766133,4.005714285714285,4.0,4.000000000000001e-2,4.81482486096809e-35
1736,200,30,(cos(x))+(sin((x)+(x))),4.0e-2,5.3851868946065675,18.367842582808507,3.9647058823529413,4.0,4.000000000000001e-2,4.81482486096809e-35
1737,200,28,(cos(abs(x)))+(sin((x)+(x))),4.0e-2,5.90991747665501,21.54182127526229,4.0813953488372094,4.0,4.000000000000001e-2,4.81482486096809e-35
1738,200,29,(cos(abs(x)))+(sin((x)+(x))),4.0e-2,3.219059615805117,9.420500846020504,4.035087719298246,4.0,4.000000000000001e-2,4.81482486096809e-35
1739,200,25,(cos(abs(x)))+(sin((x)+(x))),4.0e-2,4.953342769328738,17.829828772854437,3.9885714285714284,4.0,4.000000000000001e-2,4.81482486096809e-35
1740,200,24,(cos(abs(x)))+(sin((x)+(x))),4.0e-2,5.497243233191503,18.013727476239985,3.8863636363636362,4.0,4.000000000000001e-2,4.81482486096809e-35
1741,200,26,(cos(abs(x)))+(sin((x)+(x))),4.0e-2,7.142374529208799,27.304968244965433,4.017241379310345,4.0,4.000000000000001e-2,4.81482486096809e-35
1742,200,24,(cos(abs(x)))+(sin((x)+(x))),4.0e-2,8.464820033774956,25.798204100883478,4.051136363636363,4.0,4.000000000000001e-2,4.81482486096809e-35
1743,200,27,(cos(abs(x)))+(sin((x)+(x))),4.0e-2,7.078787820468833,18.550125933273147,3.9653179190751446,4.0,4.000000000000001e-2,4.81482486096809e-35
1744,200,28,(cos(abs(x)))+(sin((x)+(x))),4.0e-2,5.654038719646736,23.091273913264324,3.947674418604651,4.0,4.000000000000001e-2,4.81482486096809e-35
1745,200,26,(cos(abs(x)))+(sin((x)+(x))),4.0e-2,7.011084153882222,23.957742884951646,3.9195402298850577,4.0,4.000000000000001e-2,4.81482486096809e-35
1746,200,27,(cos(x))+(sin((x)+(x))),4.0e-2,4.282474578279893,14.119889969186776,3.947976878612717,4.0,4.000000000000001e-2,4.81482486096809e-35
1747,200,30,(cos(abs(x)))+(sin((x)+(x))),4.0e-2,5.161245343031347,15.789262092780577,4.023529411764706,4.0,4.000000000000001e-2,4.81482486096809e-35
1748,200,27,(cos(abs(x)))+(sin((x)+(x))),4.0e-2,5.795024875750175,19.89467628205945,3.959537572254335,4.0,4.000000000000001e-2,4.81482486096809e-35
1749,200,27,(cos(x))+(sin((x)+(x))),4.0e-2,6.030037738319601,18.69618448689306,3.9421965317919074,4.0,4.000000000000001e-2,4.81482486096809e-35
1750,200,30,(cos(abs(x)))+(sin((x)+(x))),4.0e-2,7.017326932387793,26.86211248279114,3.9529411764705884,4.0,4.000000000000001e-2,4.81482486096809e-35
1751,200,30,(cos(x))+(sin((x)+(x))),4.0e-2,5.0996935210815995,16.091054655441603,3.9823529411764707,4.0,4.000000000000001e-2,4.81482486096809e-35
1752,200,27,(cos(x))+(sin((x)+(x))),4.0e-2,6.364232773833554,23.848159006038152,3.953757225433526,4.0,4.000000000000001e-2,4.81482486096809e-35
1753,200,31,(cos(abs(x)))+(sin((x)+(x))),4.0e-2,4.845280723634559,15.390276716188142,3.893491124260355,4.0,4.000000000000001e-2,4.81482486096809e-35
1754,200,31,(cos(x))+(sin((x)+(x))),4.0e-2,4.034092830593638,13.35011008067726,3.970414201183432,4.0,4.000000000000001e-2,4.81482486096809e-35
1755,200,27,(cos(x))+(sin((x)+(x))),4.0e-2,8.819480489730188,42.29829351105128,3.9364161849710984,4.0,4.000000000000001e-2,4.81482486096809e-35
1756,200,37,(cos(x))+(sin((x)+(x))),4.0e-2,7.832940758985044,73.3105123655717,4.0184049079754605,4.0,4.000000000000001e-2,4.81482486096809e-35
1757,200,28,(cos(x))+(sin((x)+(x))),4.0e-2,7.438340197621085,23.22563540012044,3.866279069767442,4.0,4.000000000000001e-2,4.81482486096809e-35
1758,200,27,(cos(x))+(sin((x)+(x))),4.0e-2,6.353613591180413,20.320338566894215,3.953757225433526,4.0,4.000000000000001e-2,4.81482486096809e-35
1759,200,29,(cos(abs(x)))+(sin((x)+(x))),4.0e-2,5.158368742640015,18.505988483889013,3.9766081871345027,4.0,4.000000000000001e-2,4.81482486096809e-35
1760,200,23,(cos(x))+(sin((x)+(x))),4.0e-2,6.251421278662868,17.830587227799565,3.9096045197740112,4.0,4.000000000000001e-2,4.81482486096809e-35
1761,200,28,(cos(x))+(sin((x)+(x))),4.0e-2,6.887690855458892,24.67447819732654,3.9011627906976742,4.0,4.000000000000001e-2,4.81482486096809e-35
1762,200,27,(cos(abs(x)))+(sin((x)+(x))),4.0e-2,6.005183849504307,25.070945759535256,3.947976878612717,4.0,4.000000000000001e-2,4.81482486096809e-35
1763,200,33,(cos(x))+(sin((x)+(x))),4.0e-2,4.791266260636306,23.4656558918831,3.9580838323353293,4.0,4.000000000000001e-2,4.81482486096809e-35
1764,200,32,(cos(x))+(sin((x)+(x))),4.0e-2,26.845691113040836,243.89433511688003,3.9523809523809526,4.0,4.000000000000001e-2,4.81482486096809e-35
1765,200,24,(cos(x))+(sin((x)+(x))),4.0e-2,10.725189762505465,62.199709621372804,3.8806818181818183,4.0,4.000000000000001e-2,4.81482486096809e-35
1766,200,28,(cos(x))+(sin((x)+(x))),4.0e-2,6.661835663380419,18.949520181213188,3.9651162790697674,4.0,4.000000000000001e-2,4.81482486096809e-35
1767,200,23,(cos(abs(x)))+(sin((x)+(x))),4.0e-2,6.35095663269359,19.14411692589321,3.937853107344633,4.0,4.000000000000001e-2,4.81482486096809e-35
1768,200,20,(cos(x))+(sin((x)+(x))),4.0e-2,7.091129974744251,21.932727135027353,3.95,4.0,4.000000000000001e-2,4.81482486096809e-35
1769,200,22,(cos(x))+(sin((x)+(x))),4.0e-2,6.425327441792077,19.680346977231576,3.932584269662921,4.0,4.000000000000001e-2,4.81482486096809e-35
1770,200,22,(cos(x))+(sin((x)+(x))),4.0e-2,6.673059295156298,23.900530268969547,3.949438202247191,4.0,4.000000000000001e-2,4.81482486096809e-35
1771,200,25,(cos(abs(x)))+(sin((x)+(x))),4.0e-2,7.898408933886238,34.08259463775479,3.9714285714285715,4.0,4.000000000000001e-2,4.81482486096809e-35
1772,200,32,(cos(abs(x)))+(sin((x)+(x))),4.0e-2,4.410364697520363,14.56311975713045,4.065476190476191,4.0,4.000000000000001e-2,4.81482486096809e-35
1773,200,29,(cos(x))+(sin((x)+(x))),4.0e-2,4.687771847727769,15.054862835788002,3.912280701754386,4.0,4.000000000000001e-2,4.81482486096809e-35
1774,200,26,(cos(x))+(sin((x)+(x))),4.0e-2,8.643929832634589,35.16503861918463,3.9482758620689653,4.0,4.000000000000001e-2,4.81482486096809e-35
1775,200,24,(cos(abs(x)))+(sin((x)+(x))),4.0e-2,6.88723442902353,25.95677770031546,3.9545454545454546,4.0,4.000000000000001e-2,4.81482486096809e-35
1776,200,33,(cos(x))+(sin((x)+(x))),4.0e-2,6.01919596352048,26.792634542404347,4.0,4.0,4.000000000000001e-2,4.81482486096809e-35
1777,200,19,(cos(x))+(sin((x)+(x))),4.0e-2,7.172137377637887,21.884945443211468,3.9337016574585637,4.0,4.000000000000001e-2,4.81482486096809e-35
1778,200,34,(cos(x))+(sin((x)+(x))),4.0e-2,3.3994273954411764,12.592039963172756,4.054216867469879,4.0,4.000000000000001e-2,4.81482486096809e-35
1779,200,27,(cos(x))+(sin((x)+(x))),4.0e-2,5.408237220312175,19.685476118195897,3.947976878612717,4.0,4.000000000000001e-2,4.81482486096809e-35
1780,200,23,(cos(x))+(sin((x)+(x))),4.0e-2,7.280019197665194,22.256980828093063,3.8926553672316384,4.0,4.000000000000001e-2,4.81482486096809e-35
1781,200,17,(cos(x))+(sin((x)+(x))),4.0e-2,6.816310433070575,18.318306186130375,3.80327868852459,4.0,4.000000000000001e-2,4.81482486096809e-35
1782,200,26,(cos(abs(x)))+(sin((x)+(x))),4.0e-2,7.208705690692626,22.379170525243413,3.9022988505747125,4.0,4.000000000000001e-2,4.81482486096809e-35
1783,200,33,(cos(x))+(sin((x)+(x))),4.0e-2,7.009339167556365,24.487736750291734,3.9161676646706587,4.0,4.000000000000001e-2,4.81482486096809e-35
1784,200,32,(cos(x))+(sin((x)+(x))),4.0e-2,6.983462512074051,40.12819322019171,3.9345238095238093,4.0,4.000000000000001e-2,4.81482486096809e-35
1785,200,29,(cos(x))+(sin((x)+(x))),4.0e-2,7.069111916150196,26.948803967808825,3.9707602339181287,4.0,4.000000000000001e-2,4.81482486096809e-35
1786,200,27,(cos(x))+(sin((x)+(x))),4.0e-2,4.7127842279674335,15.164794443941814,3.976878612716763,4.0,4.000000000000001e-2,4.81482486096809e-35
1787,200,20,(cos(x))+(sin((x)+(x))),4.0e-2,1468.0095219335453,19562.72047637762,3.938888888888889,4.0,4.000000000000001e-2,4.81482486096809e-35
1788,200,22,(cos(x))+(sin((x)+(x))),4.0e-2,6.223552369407458,17.81587449957899,3.99438202247191,4.0,4.000000000000001e-2,4.81482486096809e-35
1789,200,26,(cos(x))+(sin((x)+(x))),4.0e-2,5.244600729158555,14.392144007163504,4.068965517241379,4.0,4.000000000000001e-2,4.81482486096809e-35
1790,200,35,(cos(x))+(sin((x)+(x))),4.0e-2,5.418928550626757,15.577272258479217,3.981818181818182,4.0,4.000000000000001e-2,4.81482486096809e-35
1791,200,25,(cos(x))+(sin((x)+(x))),4.0e-2,9.33513993247502,33.961270164546974,4.017142857142857,4.0,4.000000000000001e-2,4.81482486096809e-35
1792,200,25,(cos(x))+(sin((x)+(x))),4.0e-2,5.529567891395757,18.11452668302467,3.8685714285714288,4.0,4.000000000000001e-2,4.81482486096809e-35
1793,200,28,(cos(abs(x)))+(sin((x)+(x))),4.0e-2,6.742025906670544,26.022274252934103,3.947674418604651,4.0,4.000000000000001e-2,4.81482486096809e-35
1794,200,22,(cos(x))+(sin((x)+(x))),4.0e-2,7.660773433225358,23.64836416362804,3.865168539325843,4.0,4.000000000000001e-2,4.81482486096809e-35
1795,200,28,(cos(x))+(sin((x)+(x))),4.0e-2,6.076337155735695,17.12727817030964,3.9651162790697674,4.0,4.000000000000001e-2,4.81482486096809e-35
1796,200,23,(cos(x))+(sin((x)+(x))),4.0e-2,27.507247129834223,240.899024635193,3.983050847457627,4.0,4.000000000000001e-2,4.81482486096809e-35
1797,200,34,(cos(abs(x)))+(sin((x)+(x))),4.0e-2,3.507999403804082,13.04658847122066,3.9518072289156625,4.0,4.000000000000001e-2,4.81482486096809e-35
1798,200,26,(cos(x))+(sin((x)+(x))),4.0e-2,9.186784449391293,40.979070297446626,3.8735632183908044,4.0,4.000000000000001e-2,4.81482486096809e-35
1799,200,31,(cos(x))+(sin((x)+(x))),4.0e-2,6.779193583396069,19.730834246290396,4.029585798816568,4.0,4.000000000000001e-2,4.81482486096809e-35
1800,200,26,(cos(abs(x)))+(sin((x)+(x))),4.0e-2,6.793454430271381,22.16637962970809,3.942528735632184,4.0,4.000000000000001e-2,4.81482486096809e-35
1801,200,26,(cos(x))+(sin((x)+(x))),4.0e-2,6.418930398533411,21.45623364079353,3.9310344827586206,4.0,4.000000000000001e-2,4.81482486096809e-35
1802,200,27,(cos(x))+(sin((x)+(x))),4.0e-2,5.329899679376417,20.17317030698906,3.953757225433526,4.0,4.000000000000001e-2,4.81482486096809e-35
1803,200,26,(cos(abs(x)))+(sin((x)+(x))),4.0e-2,6.194104670181491,19.426209682271075,4.0,4.0,4.000000000000001e-2,4.81482486096809e-35
1804,200,30,(cos(x))+(sin((x)+(x))),4.0e-2,5.022615525018818,15.601580993455908,3.9352941176470586,4.0,4.000000000000001e-2,4.81482486096809e-35
1805,200,33,(cos(x))+(sin((x)+(x))),4.0e-2,4.5281371244221695,17.206511285105407,3.9820359281437128,4.0,4.000000000000001e-2,4.81482486096809e-35
1806,200,30,(cos(x))+(sin((x)+(x))),4.0e-2,4.283949670305101,11.268136804785147,4.017647058823529,4.0,4.000000000000001e-2,4.81482486096809e-35
1807,200,30,(cos(x))+(sin((x)+(x))),4.0e-2,3.511780164335095,11.702659768594586,3.9411764705882355,4.0,4.000000000000001e-2,4.81482486096809e-35
1808,200,25,(cos(x))+(sin((x)+(x))),4.0e-2,5.361431417263861,18.535747870393912,3.9485714285714284,4.0,4.000000000000001e-2,4.81482486096809e-35
1809,200,30,(cos(x))+(sin((x)+(x))),4.0e-2,5.070819513392667,18.637455140249024,3.947058823529412,4.0,4.000000000000001e-2,4.81482486096809e-35
1810,200,30,(cos(abs(x)))+(sin((x)+(x))),4.0e-2,6.35656976593914,20.903403081173977,3.9,4.0,4.000000000000001e-2,4.81482486096809e-35
1811,200,28,(cos(x))+(sin((x)+(x))),4.0e-2,5.254521702603297,14.029142022300094,3.953488372093023,4.0,4.000000000000001e-2,4.81482486096809e-35
1812,200,29,(cos(x))+(sin((x)+(x))),4.0e-2,6.526385684260233,28.937170192726633,3.953216374269006,4.0,4.000000000000001e-2,4.81482486096809e-35
1813,200,28,(cos(x))+(sin((x)+(x))),4.0e-2,4.393199022679502,19.36139427149623,4.098837209302325,4.0,4.000000000000001e-2,4.81482486096809e-35
1814,200,31,(cos(x))+(sin((x)+(x))),4.0e-2,7.156955575296355,23.46706957839016,3.9881656804733727,4.0,4.000000000000001e-2,4.81482486096809e-35
1815,200,25,(cos(abs(x)))+(sin((x)+(x))),4.0e-2,4.743091880326639,18.13867518791026,3.9714285714285715,4.0,4.000000000000001e-2,4.81482486096809e-35
1816,200,29,(cos(abs(x)))+(sin((x)+(x))),4.0e-2,4.688518390890861,13.620618330448426,3.865497076023392,4.0,4.000000000000001e-2,4.81482486096809e-35
1817,200,29,(cos(abs(x)))+(sin((x)+(x))),4.0e-2,6.392092816317494,22.435193020458073,3.91812865497076,4.0,4.000000000000001e-2,4.81482486096809e-35
1818,200,22,(cos(abs(x)))+(sin((x)+(x))),4.0e-2,5.959755059574689,25.793831021540374,3.893258426966292,4.0,4.000000000000001e-2,4.81482486096809e-35
1819,200,30,(cos(x))+(sin((x)+(x))),4.0e-2,3100.5624542237315,40242.87196485174,3.9411764705882355,4.0,4.000000000000001e-2,4.81482486096809e-35
1820,200,24,(cos(abs(x)))+(sin((x)+(x))),4.0e-2,92.88043777864495,1155.0239019471298,4.028409090909091,4.0,4.000000000000001e-2,4.81482486096809e-35
1821,200,26,(cos(abs(x)))+(sin((x)+(x))),4.0e-2,6.520324400312758,16.127675416194432,3.8275862068965516,4.0,4.000000000000001e-2,4.81482486096809e-35
1822,200,19,(cos(x))+(sin((x)+(x))),4.0e-2,10.557860967605224,56.20345471892429,3.861878453038674,4.0,4.000000000000001e-2,4.81482486096809e-35
1823,200,26,(cos(abs(x)))+(sin((x)+(x))),4.0e-2,7.220660734291844,26.447099846635588,3.839080459770115,4.0,4.000000000000001e-2,4.81482486096809e-35
1824,200,28,(cos(x))+(sin((x)+(x))),4.0e-2,5.9985777954285995,18.11805653664636,3.883720930232558,4.0,4.000000000000001e-2,4.81482486096809e-35
1825,200,30,(cos(abs(x)))+(sin((x)+(x))),4.0e-2,11.645059011323045,96.05367549077557,4.029411764705882,4.0,4.000000000000001e-2,4.81482486096809e-35
1826,200,29,(cos(abs(x)))+(sin((x)+(x))),4.0e-2,6.836846372916029,34.458273132677135,3.9883040935672516,4.0,4.000000000000001e-2,4.81482486096809e-35
1827,200,27,(cos(abs(x)))+(sin((x)+(x))),4.0e-2,6.545811634296216,33.5545545577076,4.0,4.0,4.000000000000001e-2,4.81482486096809e-35
1828,200,21,(cos(abs(x)))+(sin((x)+(x))),4.0e-2,7.929045716415387,29.912115198876865,3.9720670391061454,4.0,4.000000000000001e-2,4.81482486096809e-35
1829,200,28,(cos(x))+(sin((x)+(x))),4.0e-2,6.613193518561152,19.62439724070316,3.9186046511627906,4.0,4.000000000000001e-2,4.81482486096809e-35
1830,200,27,(cos(abs(x)))+(sin((x)+(x))),4.0e-2,5.165110521814591,15.706100076926099,3.878612716763006,4.0,4.000000000000001e-2,4.81482486096809e-35
1831,200,28,(cos(x))+(sin((x)+(x))),4.0e-2,25.23210240184915,235.23911391204413,3.947674418604651,4.0,4.000000000000001e-2,4.81482486096809e-35
1832,200,18,(cos(abs(x)))+(sin((x)+(x))),4.0e-2,8.685313520240317,26.113506343637336,4.0,4.0,4.000000000000001e-2,4.81482486096809e-35
1833,200,26,(cos(x))+(sin((x)+(x))),4.0e-2,5.637882744252241,15.961271929645976,3.867816091954023,4.0,4.000000000000001e-2,4.81482486096809e-35
1834,200,26,(cos(abs(x)))+(sin((x)+(x))),4.0e-2,6.220927102947565,24.72761741387307,3.9655172413793105,4.0,4.000000000000001e-2,4.81482486096809e-35
1835,200,23,(cos(x))+(sin((x)+(x))),4.0e-2,6.38469780937938,16.742824452924854,3.9661016949152543,4.0,4.000000000000001e-2,4.81482486096809e-35
1836,200,22,(cos(abs(x)))+(sin((x)+(x))),4.0e-2,8.565678233854198,35.9778034697176,4.033707865168539,4.0,4.000000000000001e-2,4.81482486096809e-35
1837,200,24,(cos(x))+(sin((x)+(x))),4.0e-2,6.2360153858408465,17.424598543181443,3.9488636363636362,4.0,4.000000000000001e-2,4.81482486096809e-35
1838,200,21,(cos(x))+(sin((x)+(x))),4.0e-2,7.244366667231904,20.856220083454527,4.106145251396648,4.0,4.000000000000001e-2,4.81482486096809e-35
1839,200,26,(cos(abs(x)))+(sin((x)+(x))),4.0e-2,5.65665940310157,21.78407411272555,4.063218390804598,4.0,4.000000000000001e-2,4.81482486096809e-35
1840,200,25,(cos(abs(x)))+(sin((x)+(x))),4.0e-2,5.577520763029149,19.472750797068585,3.9657142857142857,4.0,4.000000000000001e-2,4.81482486096809e-35
1841,200,25,(cos(abs(x)))+(sin((x)+(x))),4.0e-2,9.365911572325638,38.711795371600765,3.874285714285714,4.0,4.000000000000001e-2,4.81482486096809e-35
1842,200,26,(cos(abs(x)))+(sin((x)+(x))),4.0e-2,12.46088008297279,34.63954000375748,3.8908045977011496,4.0,4.000000000000001e-2,4.81482486096809e-35
1843,200,21,(cos(abs(x)))+(sin((x)+(x))),4.0e-2,7.835623983206355,25.59886661301261,3.893854748603352,4.0,4.000000000000001e-2,4.81482486096809e-35
1844,200,22,(cos(abs(x)))+(sin((x)+(x))),4.0e-2,7.532664241806086,23.87985392980328,3.9101123595505616,4.0,4.000000000000001e-2,4.81482486096809e-35
1845,200,24,(cos(x))+(sin((x)+(x))),4.0e-2,7.919844682707113,24.784379311023805,4.0625,4.0,4.000000000000001e-2,4.81482486096809e-35
1846,200,26,(cos(abs(x)))+(sin((x)+(x))),4.0e-2,7.958345165386535,23.905344199494476,3.8448275862068964,4.0,4.000000000000001e-2,4.81482486096809e-35
1847,200,28,(cos(abs(x)))+(sin((x)+(x))),4.0e-2,6.7964517318460755,28.977690772859376,4.0523255813953485,4.0,4.000000000000001e-2,4.81482486096809e-35
1848,200,29,(cos(x))+(sin((x)+(x))),4.0e-2,4.659713464962363,12.887045585461257,3.9941520467836256,4.0,4.000000000000001e-2,4.81482486096809e-35
1849,200,33,(cos(x))+(sin((x)+(x))),4.0e-2,3.8075783902041027,12.410019060275223,3.9520958083832336,4.0,4.000000000000001e-2,4.81482486096809e-35
1850,200,26,(cos(abs(x)))+(sin((x)+(x))),4.0e-2,6.013574160413413,19.827629989273518,3.971264367816092,4.0,4.000000000000001e-2,4.81482486096809e-35
1851,200,26,(cos(x))+(sin((x)+(x))),4.0e-2,9.636877434837144,31.657755409350997,3.925287356321839,4.0,4.000000000000001e-2,4.81482486096809e-35
1852,200,32,(cos(abs(x)))+(sin((x)+(x))),4.0e-2,6.575627377121446,41.25982674292459,3.9404761904761907,4.0,4.000000000000001e-2,4.81482486096809e-35
1853,200,33,(cos(abs(x)))+(sin((x)+(x))),4.0e-2,4.9768611974281,19.02250006998399,3.970059880239521,4.0,4.000000000000001e-2,4.81482486096809e-35
1854,200,28,(cos(x))+(sin((x)+(x))),4.0e-2,4.276243683206662,12.642437471258216,3.872093023255814,4.0,4.000000000000001e-2,4.81482486096809e-35
1855,200,25,(cos(x))+(sin((x)+(x))),4.0e-2,5.606606966881705,14.879661333240326,3.9371428571428573,4.0,4.000000000000001e-2,4.81482486096809e-35
1856,200,25,(cos(abs(x)))+(sin((x)+(x))),4.0e-2,8.71127915583675,33.92926196043305,3.8457142857142856,4.0,4.000000000000001e-2,4.81482486096809e-35
1857,200,30,(cos(x))+(sin((x)+(x))),4.0e-2,7.990309873678596,31.651793025393424,3.911764705882353,4.0,4.000000000000001e-2,4.81482486096809e-35
1858,200,26,(cos(abs(x)))+(sin((x)+(x))),4.0e-2,11.515845333626002,64.93884286844256,3.9655172413793105,4.0,4.000000000000001e-2,4.81482486096809e-35
1859,200,23,(cos(abs(x)))+(sin((x)+(x))),4.0e-2,26.827661963598697,233.01189712680838,3.926553672316384,4.0,4.000000000000001e-2,4.81482486096809e-35
1860,200,24,(cos(x))+(sin((x)+(x))),4.0e-2,7.121569731001566,22.69761419990879,3.9886363636363638,4.0,4.000000000000001e-2,4.81482486096809e-35
1861,200,30,(cos(x))+(sin((x)+(x))),4.0e-2,6.15644831433224,21.792947587020688,3.911764705882353,4.0,4.000000000000001e-2,4.81482486096809e-35
1862,200,33,(cos(x))+(sin((x)+(x))),4.0e-2,6.650455922869832,20.167827249870058,3.970059880239521,4.0,4.000000000000001e-2,4.81482486096809e-35
1863,200,28,(cos(x))+(sin((x)+(x))),4.0e-2,4.903399167033977,13.3194887314321,3.9767441860465116,4.0,4.000000000000001e-2,4.81482486096809e-35
1864,200,28,(cos(abs(x)))+(sin((x)+(x))),4.0e-2,5.621573587052377,14.694407158656922,4.040697674418604,4.0,4.000000000000001e-2,4.81482486096809e-35
1865,200,22,(cos(x))+(sin((x)+(x))),4.0e-2,5.292197403957971,14.630142306365082,3.949438202247191,4.0,4.000000000000001e-2,4.81482486096809e-35
1866,200,29,(cos(x))+(sin((x)+(x))),4.0e-2,4.84903981837,17.922017160106424,4.011695906432749,4.0,4.000000000000001e-2,4.81482486096809e-35
1867,200,27,(cos(x))+(sin((x)+(x))),4.0e-2,6.154265475882709,18.86104347985636,3.976878612716763,4.0,4.000000000000001e-2,4.81482486096809e-35
1868,200,30,(cos(x))+(sin((x)+(x))),4.0e-2,6.723465688829632,24.50642007213382,3.9823529411764707,4.0,4.000000000000001e-2,4.81482486096809e-35
1869,200,33,(cos(x))+(sin((x)+(x))),4.0e-2,5.6314526051081755,22.281826170140548,3.92814371257485,4.0,4.000000000000001e-2,4.81482486096809e-35
1870,200,23,(cos(x))+(sin((x)+(x))),4.0e-2,7.732900049262234,25.785107211169674,3.977401129943503,4.0,4.000000000000001e-2,4.81482486096809e-35
1871,200,27,(cos(abs(x)))+(sin((x)+(x))),4.0e-2,7.990289117600871,27.937376611865933,3.901734104046243,4.0,4.000000000000001e-2,4.81482486096809e-35
1872,200,29,(cos(abs(x)))+(sin((x)+(x))),4.0e-2,4.693206250665295,16.63286994022897,4.052631578947368,4.0,4.000000000000001e-2,4.81482486096809e-35
1873,200,28,(cos(x))+(sin((x)+(x))),4.0e-2,6.115729447836554,25.612954128388562,4.093023255813954,4.0,4.000000000000001e-2,4.81482486096809e-35
1874,200,30,(cos(x))+(sin((x)+(x))),4.0e-2,6.13257769963581,26.644385931135393,3.9411764705882355,4.0,4.000000000000001e-2,4.81482486096809e-35
1875,200,23,(cos(x))+(sin((x)+(x))),4.0e-2,5.513268683475487,17.158053435023085,3.983050847457627,4.0,4.000000000000001e-2,4.81482486096809e-35
1876,200,29,(cos(abs(x)))+(sin((x)+(x))),4.0e-2,5.858103135665264,20.56283546444144,3.9707602339181287,4.0,4.000000000000001e-2,4.81482486096809e-35
1877,200,24,(cos(x))+(sin((x)+(x))),4.0e-2,8.06055602350255,44.01553217107202,3.9261363636363638,4.0,4.000000000000001e-2,4.81482486096809e-35
1878,200,25,(cos(x))+(sin((x)+(x))),4.0e-2,4.919324093019292,14.908427874928089,3.9085714285714284,4.0,4.000000000000001e-2,4.81482486096809e-35
1879,200,31,(cos(x))+(sin((x)+(x))),4.0e-2,4.374831813304656,13.263735260461907,3.899408284023669,4.0,4.000000000000001e-2,4.81482486096809e-35
1880,200,30,(cos(x))+(sin((x)+(x))),4.0e-2,5.747213104557556,16.18053855427565,3.9235294117647057,4.0,4.000000000000001e-2,4.81482486096809e-35
1881,200,32,(cos(x))+(sin((x)+(x))),4.0e-2,5.165677455390846,17.707519096237256,3.9166666666666665,4.0,4.000000000000001e-2,4.81482486096809e-35
1882,200,29,(cos(x))+(sin((x)+(x))),4.0e-2,5.085979574304731,14.014280568408253,3.865497076023392,4.0,4.000000000000001e-2,4.81482486096809e-35
1883,200,26,(cos(x))+(sin((x)+(x))),4.0e-2,5.593903967561224,17.62540833091344,3.8850574712643677,4.0,4.000000000000001e-2,4.81482486096809e-35
1884,200,26,(cos(x))+(sin((x)+(x))),4.0e-2,4.739741362293076,14.897708921581149,4.126436781609195,4.0,4.000000000000001e-2,4.81482486096809e-35
1885,200,25,(cos(x))+(sin((x)+(x))),4.0e-2,5.555871201853503,16.79367987842056,3.9485714285714284,4.0,4.000000000000001e-2,4.81482486096809e-35
1886,200,28,(cos(x))+(sin((x)+(x))),4.0e-2,4.820377662612344,13.615493857902017,3.947674418604651,4.0,4.000000000000001e-2,4.81482486096809e-35
1887,200,26,(cos(x))+(sin((x)+(x))),4.0e-2,4.953679877324117,14.806939515297614,3.8735632183908044,4.0,4.000000000000001e-2,4.81482486096809e-35
1888,200,24,(cos(x))+(sin((x)+(x))),4.0e-2,8.38721321951111,24.18975077107911,3.903409090909091,4.0,4.000000000000001e-2,4.81482486096809e-35
1889,200,27,(cos(x))+(sin((x)+(x))),4.0e-2,5.979952022028707,24.155064428673654,3.9710982658959537,4.0,4.000000000000001e-2,4.81482486096809e-35
1890,200,26,(cos(abs(x)))+(sin((x)+(x))),4.0e-2,6.593209488737418,24.751482634541354,3.942528735632184,4.0,4.000000000000001e-2,4.81482486096809e-35
1891,200,29,(cos(x))+(sin((x)+(x))),4.0e-2,6.224113818450372,23.631383587134838,3.8830409356725144,4.0,4.000000000000001e-2,4.81482486096809e-35
1892,200,25,(cos(x))+(sin((x)+(x))),4.0e-2,6.086050035953406,21.149678324593243,3.942857142857143,4.0,4.000000000000001e-2,4.81482486096809e-35
1893,200,27,(cos(abs(x)))+(sin((x)+(x))),4.0e-2,5.8498631136836154,17.324299001880156,3.9190751445086707,4.0,4.000000000000001e-2,4.81482486096809e-35
1894,200,28,(cos(x))+(sin((x)+(x))),4.0e-2,7.18031974342225,21.3983735876579,3.936046511627907,4.0,4.000000000000001e-2,4.81482486096809e-35
1895,200,34,(cos(x))+(sin((x)+(x))),4.0e-2,4.64257319672163,14.331961565825646,3.9216867469879517,4.0,4.000000000000001e-2,4.81482486096809e-35
1896,200,28,(cos(x))+(sin((x)+(x))),4.0e-2,7.2115238331253355,19.750657288686654,3.883720930232558,4.0,4.000000000000001e-2,4.81482486096809e-35
1897,200,26,(cos(abs(x)))+(sin((x)+(x))),4.0e-2,24.634272794631517,232.5066578123273,3.839080459770115,4.0,4.000000000000001e-2,4.81482486096809e-35
1898,200,27,(cos(x))+(sin((x)+(x))),4.0e-2,8.587537860591015,29.879113957148764,3.8265895953757227,4.0,4.000000000000001e-2,4.81482486096809e-35
1899,200,26,(cos(x))+(sin((x)+(x))),4.0e-2,8.800570454129357,46.040704233910816,3.9367816091954024,4.0,4.000000000000001e-2,4.81482486096809e-35
1900,200,22,(cos(x))+(sin((x)+(x))),4.0e-2,7.430698546989885,27.3440698590932,3.9719101123595504,4.0,4.000000000000001e-2,4.81482486096809e-35
1901,200,19,(cos(abs(x)))+(sin((x)+(x))),4.0e-2,6.937965726441405,20.53422162561168,3.8729281767955803,4.0,4.000000000000001e-2,4.81482486096809e-35
1902,200,26,(cos(-(x)))+(sin((x)+(x))),4.0e-2,6.288267766736002,17.474629545900694,3.9655172413793105,4.0,4.000000000000001e-2,4.81482486096809e-35
1903,200,29,(cos(x))+(sin((x)+(x))),4.0e-2,7.6468398352851725,24.982552359555225,3.9649122807017543,4.0,4.000000000000001e-2,4.81482486096809e-35
1904,200,32,(cos(x))+(sin((x)+(x))),4.0e-2,5.986909135220555,26.948545342338083,3.9583333333333335,4.0,4.000000000000001e-2,4.81482486096809e-35
1905,200,29,(cos(x))+(sin((x)+(x))),4.0e-2,6.494154734206005,23.281815037116505,4.017543859649122,4.0,4.000000000000001e-2,4.81482486096809e-35
1906,200,29,(cos(x))+(sin((x)+(x))),4.0e-2,5.919734996858024,19.11953624254658,4.04093567251462,4.0,4.000000000000001e-2,4.81482486096809e-35
1907,200,23,(cos(x))+(sin((x)+(x))),4.0e-2,9.291137081414918,32.637185245739545,3.926553672316384,4.0,4.000000000000001e-2,4.81482486096809e-35
1908,200,22,(cos(x))+(sin((x)+(x))),4.0e-2,5.519779826574887,14.370075739947357,3.932584269662921,4.0,4.000000000000001e-2,4.81482486096809e-35
1909,200,27,(cos(x))+(sin((x)+(x))),4.0e-2,5.374163644320627,17.59252375094267,3.953757225433526,4.0,4.000000000000001e-2,4.81482486096809e-35
1910,200,23,(cos(x))+(sin((x)+(x))),4.0e-2,6.313709346835579,19.50987445368225,3.9661016949152543,4.0,4.000000000000001e-2,4.81482486096809e-35
1911,200,20,(cos(x))+(sin((x)+(x))),4.0e-2,7.798435122443862,20.587582832199725,3.8222222222222224,4.0,4.000000000000001e-2,4.81482486096809e-35
1912,200,22,(cos(x))+(sin((x)+(x))),4.0e-2,7.526782517903714,22.176903858519495,3.8764044943820224,4.0,4.000000000000001e-2,4.81482486096809e-35
1913,200,30,(cos(x))+(sin((x)+(x))),4.0e-2,7.3168225155915465,20.8140210596646,3.8823529411764706,4.0,4.000000000000001e-2,4.81482486096809e-35
1914,200,31,(cos(x))+(sin((x)+(x))),4.0e-2,4.7933222656957435,18.019394954991537,3.9822485207100593,4.0,4.000000000000001e-2,4.81482486096809e-35
1915,200,21,(cos(x))+(sin((x)+(x))),4.0e-2,7.224176658875496,20.697885911745498,3.9608938547486034,4.0,4.000000000000001e-2,4.81482486096809e-35
1916,200,24,(cos(x))+(sin((x)+(x))),4.0e-2,6.577287903562492,15.405208433985793,3.9431818181818183,4.0,4.000000000000001e-2,4.81482486096809e-35
1917,200,26,(cos(abs(x)))+(sin((x)+(x))),4.0e-2,9.55415584722522,41.73885603582102,4.091954022988506,4.0,4.000000000000001e-2,4.81482486096809e-35
1918,200,24,(cos(x))+(sin((x)+(x))),4.0e-2,6.18141556510341,19.10337028310321,3.965909090909091,4.0,4.000000000000001e-2,4.81482486096809e-35
1919,200,30,(cos(x))+(sin((x)+(x))),4.0e-2,6.226417881827348,28.69212099916132,4.088235294117647,4.0,4.000000000000001e-2,4.81482486096809e-35
1920,200,33,(cos(x))+(sin((x)+(x))),4.0e-2,5.03469127488098,18.739325978203844,3.904191616766467,4.0,4.000000000000001e-2,4.81482486096809e-35
1921,200,23,(cos(x))+(sin((x)+(x))),4.0e-2,6.147501326076156,20.491197363127,3.847457627118644,4.0,4.000000000000001e-2,4.81482486096809e-35
1922,200,28,(cos(x))+(sin((x)+(x))),4.0e-2,5.689068951670466,14.867235146526058,3.7906976744186047,4.0,4.000000000000001e-2,4.81482486096809e-35
1923,200,27,(cos(x))+(sin((x)+(x))),4.0e-2,6.624862559405197,26.146619908678325,3.947976878612717,4.0,4.000000000000001e-2,4.81482486096809e-35
1924,200,27,(cos(x))+(sin((x)+(x))),4.0e-2,5.18981752850885,15.639583768605586,3.959537572254335,4.0,4.000000000000001e-2,4.81482486096809e-35
1925,200,27,(cos(x))+(sin((x)+(x))),4.0e-2,5.839226663261438,19.864733193231213,3.9248554913294798,4.0,4.000000000000001e-2,4.81482486096809e-35
1926,200,34,(cos(abs(x)))+(sin((x)+(x))),4.0e-2,4.493003805585202,13.660436460734593,3.9698795180722892,4.0,4.000000000000001e-2,4.81482486096809e-35
1927,200,22,(cos(x))+(sin((x)+(x))),4.0e-2,4.81071566570036,14.448375369885692,3.932584269662921,4.0,4.000000000000001e-2,4.81482486096809e-35
1928,200,27,(cos(x))+(sin((x)+(x))),4.0e-2,9.295726717571576,52.405032221071366,4.011560693641618,4.0,4.000000000000001e-2,4.81482486096809e-35
1929,200,29,(cos(x))+(sin((x)+(x))),4.0e-2,5.200159767921983,21.46954430883018,3.953216374269006,4.0,4.000000000000001e-2,4.81482486096809e-35
1930,200,30,(cos(x))+(sin((x)+(x))),4.0e-2,4.714862797682446,19.170829629744766,3.9823529411764707,4.0,4.000000000000001e-2,4.81482486096809e-35
1931,200,25,(cos(x))+(sin((x)+(x))),4.0e-2,7.813611693993156,30.903812892233763,3.942857142857143,4.0,4.000000000000001e-2,4.81482486096809e-35
1932,200,26,(cos(x))+(sin((x)+(x))),4.0e-2,7.417254001577875,41.21095840053204,4.017241379310345,4.0,4.000000000000001e-2,4.81482486096809e-35
1933,200,28,(cos(x))+(sin((x)+(x))),4.0e-2,7.814897438486519,42.27852048959389,3.9302325581395348,4.0,4.000000000000001e-2,4.81482486096809e-35
1934,200,27,(cos(x))+(sin((x)+(x))),4.0e-2,3.9550934115594667,12.670072270982171,3.9421965317919074,4.0,4.000000000000001e-2,4.81482486096809e-35
1935,200,25,(cos(x))+(sin((x)+(x))),4.0e-2,6.857679480755972,23.330851346739934,3.994285714285714,4.0,4.000000000000001e-2,4.81482486096809e-35
1936,200,26,(cos(x))+(sin((x)+(x))),4.0e-2,6.809414261902449,40.499835935081265,4.028735632183908,4.0,4.000000000000001e-2,4.81482486096809e-35
1937,200,25,(cos(x))+(sin((x)+(x))),4.0e-2,5.182630957363262,14.888491436630071,3.9257142857142857,4.0,4.000000000000001e-2,4.81482486096809e-35
1938,200,25,(cos(x))+(sin((x)+(x))),4.0e-2,7.999934671771415,29.513821152791024,3.96,4.0,4.000000000000001e-2,4.81482486096809e-35
1939,200,26,(cos(x))+(sin((x)+(x))),4.0e-2,4.703370475023058,16.45238899863487,3.9482758620689653,4.0,4.000000000000001e-2,4.81482486096809e-35
1940,200,23,(cos(abs(x)))+(sin((x)+(x))),4.0e-2,70.06932792428002,841.9011815462829,3.8700564971751414,4.0,4.000000000000001e-2,4.81482486096809e-35
1941,200,27,(cos(abs(x)))+(sin((x)+(x))),4.0e-2,7.068558359536248,22.56660352485722,3.9826589595375723,4.0,4.000000000000001e-2,4.81482486096809e-35
1942,200,19,(cos(x))+(sin((x)+(x))),4.0e-2,8.553727186859602,34.28285269467497,3.955801104972376,4.0,4.000000000000001e-2,4.81482486096809e-35
1943,200,31,(cos(x))+(sin((x)+(x))),4.0e-2,4.626950539776668,16.14020799516194,4.011834319526627,4.0,4.000000000000001e-2,4.81482486096809e-35
1944,200,25,(cos(x))+(sin((x)+(x))),4.0e-2,7.2769591031603635,23.942781393332695,4.017142857142857,4.0,4.000000000000001e-2,4.81482486096809e-35
1945,200,28,(cos(x))+(sin((x)+(x))),4.0e-2,3.8708951776316423,12.15412971567798,3.9593023255813953,4.0,4.000000000000001e-2,4.81482486096809e-35
1946,200,28,(cos(abs(x)))+(sin((x)+(x))),4.0e-2,5.046369230064626,20.820772376252947,3.953488372093023,4.0,4.000000000000001e-2,4.81482486096809e-35
1947,200,31,(cos(abs(x)))+(sin((x)+(x))),4.0e-2,3.7343083827065073,12.624814929934093,3.9585798816568047,4.0,4.000000000000001e-2,4.81482486096809e-35
1948,200,30,(cos(x))+(sin((x)+(x))),4.0e-2,3.9692676980392774,12.004894643966077,3.947058823529412,4.0,4.000000000000001e-2,4.81482486096809e-35
1949,200,24,(cos(x))+(sin((x)+(x))),4.0e-2,6.737697649534872,31.678212364377757,4.051136363636363,4.0,4.000000000000001e-2,4.81482486096809e-35
1950,200,30,(cos(abs(x)))+(sin((x)+(x))),4.0e-2,6.772807605808764,18.96727935283382,3.9352941176470586,4.0,4.000000000000001e-2,4.81482486096809e-35
1951,200,32,(cos(abs(x)))+(sin((x)+(x))),4.0e-2,7.9043863647787775,26.746979717913646,3.9642857142857144,4.0,4.000000000000001e-2,4.81482486096809e-35
1952,200,32,(cos(abs(x)))+(sin((x)+(x))),4.0e-2,7.201836624172271,22.416010814461842,3.9345238095238093,4.0,4.000000000000001e-2,4.81482486096809e-35
1953,200,24,(cos(x))+(sin((x)+(x))),4.0e-2,8.836853540704055,25.06133950098801,4.0,4.0,4.000000000000001e-2,4.81482486096809e-35
1954,200,21,(cos(x))+(sin((x)+(x))),4.0e-2,10.588776727511087,49.30677445797042,4.050279329608938,4.0,4.000000000000001e-2,4.81482486096809e-35
1955,200,27,(cos(x))+(sin((x)+(x))),4.0e-2,5.260185733343424,14.457546227683562,3.867052023121387,4.0,4.000000000000001e-2,4.81482486096809e-35
1956,200,30,(cos(x))+(sin((x)+(x))),4.0e-2,4.7572572050737145,20.88868281902499,3.947058823529412,4.0,4.000000000000001e-2,4.81482486096809e-35
1957,200,35,(cos(abs(x)))+(sin((x)+(x))),4.0e-2,5.22316178787185,20.043321846634328,3.9515151515151516,4.0,4.000000000000001e-2,4.81482486096809e-35
1958,200,29,(cos(x))+(sin((x)+(x))),4.0e-2,4.611916462286084,13.818236708326625,4.035087719298246,4.0,4.000000000000001e-2,4.81482486096809e-35
1959,200,28,(cos(x))+(sin((x)+(x))),4.0e-2,6.6925151753148215,32.8932884436051,4.017441860465116,4.0,4.000000000000001e-2,4.81482486096809e-35
1960,200,25,(cos(x))+(sin((x)+(x))),4.0e-2,7.402176296192622,29.568686635852156,3.994285714285714,4.0,4.000000000000001e-2,4.81482486096809e-35
1961,200,31,(cos(x))+(sin((x)+(x))),4.0e-2,4.350305698542513,16.4208421250922,3.9940828402366866,4.0,4.000000000000001e-2,4.81482486096809e-35
1962,200,24,(cos(x))+(sin((x)+(x))),4.0e-2,9.703587180687174,39.68325271420224,3.9545454545454546,4.0,4.000000000000001e-2,4.81482486096809e-35
1963,200,30,(cos(abs(x)))+(sin((x)+(x))),4.0e-2,397.32631243424703,5083.955405382979,3.8941176470588235,4.0,4.000000000000001e-2,4.81482486096809e-35
1964,200,22,(cos(x))+(sin((x)+(x))),4.0e-2,7.932265200618977,24.2515313632957,3.859550561797753,4.0,4.000000000000001e-2,4.81482486096809e-35
1965,200,24,(cos(x))+(sin((x)+(x))),4.0e-2,7.4360952100676005,27.44740380217775,3.909090909090909,4.0,4.000000000000001e-2,4.81482486096809e-35
1966,200,36,(cos(abs(x)))+(sin((x)+(x))),4.0e-2,5.017374642912,18.518426171008134,3.9939024390243905,4.0,4.000000000000001e-2,4.81482486096809e-35
1967,200,31,(cos(x))+(sin((x)+(x))),4.0e-2,7.47580138193028,25.29099832680759,4.0,4.0,4.000000000000001e-2,4.81482486096809e-35
1968,200,26,(cos(x))+(sin((x)+(x))),4.0e-2,8.126532730256958,25.596602411609137,4.005747126436781,4.0,4.000000000000001e-2,4.81482486096809e-35
1969,200,25,(cos(abs(x)))+(sin((x)+(x))),4.0e-2,5.24053914091413,18.11597918885262,3.8971428571428572,4.0,4.000000000000001e-2,4.81482486096809e-35
1970,200,27,(cos(x))+(sin((x)+(x))),4.0e-2,6.536333121385713,18.685727729938215,3.953757225433526,4.0,4.000000000000001e-2,4.81482486096809e-35
1971,200,22,(cos(x))+(sin((x)+(x))),4.0e-2,5.846997174773013,15.030637451352774,3.9775280898876404,4.0,4.000000000000001e-2,4.81482486096809e-35
1972,200,24,(cos(x))+(sin((x)+(x))),4.0e-2,7.275141210929312,20.38741716306245,4.034090909090909,4.0,4.000000000000001e-2,4.81482486096809e-35
1973,200,28,(cos(x))+(sin((x)+(x))),4.0e-2,24.561024573119777,249.42725220868007,3.9651162790697674,4.0,4.000000000000001e-2,4.81482486096809e-35
1974,200,25,(cos(x))+(sin((x)+(x))),4.0e-2,4.830977946616054,16.28067607835572,3.9314285714285715,4.0,4.000000000000001e-2,4.81482486096809e-35
1975,200,32,(cos(x))+(sin((x)+(x))),4.0e-2,4.785529767130897,18.518242253454677,4.029761904761905,4.0,4.000000000000001e-2,4.81482486096809e-35
1976,200,31,(cos(x))+(sin((x)+(x))),4.0e-2,3.25209289384599,10.699955904008204,3.970414201183432,4.0,4.000000000000001e-2,4.81482486096809e-35
1977,200,28,(cos(x))+(sin((x)+(x))),4.0e-2,4.092233428731804,11.614759458135122,3.9651162790697674,4.0,4.000000000000001e-2,4.81482486096809e-35
1978,200,24,(cos(x))+(sin((x)+(x))),4.0e-2,6.083105719646426,26.867882293914423,4.011363636363637,4.0,4.000000000000001e-2,4.81482486096809e-35
1979,200,24,(cos(x))+(sin((x)+(x))),4.0e-2,5.606320539423287,18.42112079362333,3.903409090909091,4.0,4.000000000000001e-2,4.81482486096809e-35
1980,200,29,(cos(x))+(sin((x)+(x))),4.0e-2,17.770892797550445,162.05033841862996,3.9766081871345027,4.0,4.000000000000001e-2,4.81482486096809e-35
1981,200,24,(cos(x))+(sin((x)+(x))),4.0e-2,14.269061522570228,54.151019487477114,3.965909090909091,4.0,4.000000000000001e-2,4.81482486096809e-35
1982,200,26,(cos(x))+(sin((x)+(x))),4.0e-2,8.708260602887991,43.40753382643008,3.925287356321839,4.0,4.000000000000001e-2,4.81482486096809e-35
1983,200,22,(cos(x))+(sin((x)+(x))),4.0e-2,6.412590041617792,18.13630428643443,4.095505617977528,4.0,4.000000000000001e-2,4.81482486096809e-35
1984,200,22,(cos(x))+(sin((x)+(x))),4.0e-2,6.237142490302523,23.780660203304514,3.9213483146067416,4.0,4.000000000000001e-2,4.81482486096809e-35
1985,200,30,(cos(abs(x)))+(sin((x)+(x))),4.0e-2,5.4080474629223225,19.33057938733332,3.976470588235294,4.0,4.000000000000001e-2,4.81482486096809e-35
1986,200,30,(cos(x))+(sin((x)+(x))),4.0e-2,7.009679139719653,27.901920964440972,3.8941176470588235,4.0,4.000000000000001e-2,4.81482486096809e-35
1987,200,22,(cos(abs(x)))+(sin((x)+(x))),4.0e-2,10.016270230363927,42.439799053256465,3.966292134831461,4.0,4.000000000000001e-2,4.81482486096809e-35
1988,200,23,(cos(abs(x)))+(sin((x)+(x))),4.0e-2,7.440754635520634,22.61917968372516,3.9887005649717513,4.0,4.000000000000001e-2,4.81482486096809e-35
1989,200,19,(cos(x))+(sin((x)+(x))),4.0e-2,7.79125494841592,22.392491369146676,3.8784530386740332,4.0,4.000000000000001e-2,4.81482486096809e-35
1990,200,25,(cos(x))+(sin((x)+(x))),4.0e-2,9.150066759295836,51.8762537355047,4.0,4.0,4.000000000000001e-2,4.81482486096809e-35
1991,200,22,(cos(x))+(sin((x)+(x))),4.0e-2,6.203859222114646,16.518730705058466,3.9269662921348316,4.0,4.000000000000001e-2,4.81482486096809e-35
1992,200,24,(cos(x))+(sin((x)+(x))),4.0e-2,5.146462356842603,18.80102855057396,3.9488636363636362,4.0,4.000000000000001e-2,4.81482486096809e-35
1993,200,27,(cos(x))+(sin((x)+(x))),4.0e-2,6.43529262710681,19.016486492898036,3.9421965317919074,4.0,4.000000000000001e-2,4.81482486096809e-35
1994,200,27,(cos(x))+(sin((x)+(x))),4.0e-2,4.354878225370984,13.195978173543237,3.9710982658959537,4.0,4.000000000000001e-2,4.81482486096809e-35
1995,200,24,(cos(x))+(sin((x)+(x))),4.0e-2,6.617173764221186,18.538367236995363,4.045454545454546,4.0,4.000000000000001e-2,4.81482486096809e-35
1996,200,31,(cos(x))+(sin((x)+(x))),4.0e-2,4.0853978477392525,13.152605740192776,3.964497041420118,4.0,4.000000000000001e-2,4.81482486096809e-35
1997,200,28,(cos(abs(x)))+(sin((x)+(x))),4.0e-2,5.164114652814004,15.261113066029395,3.9127906976744184,4.0,4.000000000000001e-2,4.81482486096809e-35
1998,200,29,(cos(x))+(sin((x)+(x))),4.0e-2,4.707108050063477,14.79083489570498,3.91812865497076,4.0,4.000000000000001e-2,4.81482486096809e-35
1999,200,29,(cos(x))+(sin((x)+(x))),4.0e-2,3.1563262665120835,10.068986653933193,3.9883040935672516,4.0,4.000000000000001e-2,4.81482486096809e-35
2000,200,27,(cos(x))+(sin((x)+(x))),4.0e-2,6.277966607361233,25.19037446837869,3.9653179190751446,4.0,4.000000000000001e-2,4.81482486096809e-35
2001,200,27,(cos(abs(x)))+(sin((x)+(x))),4.0e-2,7.733385528677717,29.820956259847485,3.9190751445086707,4.0,4.000000000000001e-2,4.81482486096809e-35
2002,200,30,(cos(x))+(sin((x)+(x))),4.0e-2,5.029749873258179,15.919067008931677,3.9941176470588236,4.0,4.000000000000001e-2,4.81482486096809e-35
2003,200,31,(cos(abs(x)))+(sin((x)+(x))),4.0e-2,24.83217457619865,240.76075109354568,4.0,4.0,4.000000000000001e-2,4.81482486096809e-35
2004,200,23,(cos(x))+(sin((x)+(x))),4.0e-2,7.762047583227395,25.10781296665151,3.9548022598870056,4.0,4.000000000000001e-2,4.81482486096809e-35
2005,200,28,(cos(x))+(sin((x)+(x))),4.0e-2,6.558297513507702,24.5444303888994,3.9302325581395348,4.0,4.000000000000001e-2,4.81482486096809e-35
2006,200,23,(cos(abs(x)))+(sin((x)+(x))),4.0e-2,10.21541613626821,46.358983104021505,3.9096045197740112,4.0,4.000000000000001e-2,4.81482486096809e-35
2007,200,20,(cos(x))+(sin((x)+(x))),4.0e-2,5.357860732529687,13.965336730758864,4.0,4.0,4.000000000000001e-2,4.81482486096809e-35
2008,200,23,(cos(x))+(sin((x)+(x))),4.0e-2,7.560390280855589,23.4311978977446,4.005649717514125,4.0,4.000000000000001e-2,4.81482486096809e-35
2009,200,26,(cos(x))+(sin((x)+(x))),4.0e-2,4.9284980243967045,13.514919952114425,3.9367816091954024,4.0,4.000000000000001e-2,4.81482486096809e-35
2010,200,28,(cos(abs(x)))+(sin((x)+(x))),4.0e-2,6.129507679395098,19.479077503308854,4.023255813953488,4.0,4.000000000000001e-2,4.81482486096809e-35
2011,200,29,(cos(x))+(sin((x)+(x))),4.0e-2,7.800417709119826,32.27022187296271,4.023391812865497,4.0,4.000000000000001e-2,4.81482486096809e-35
2012,200,28,(cos(x))+(sin((x)+(x))),4.0e-2,7.616835021060113,27.322691984491833,3.9651162790697674,4.0,4.000000000000001e-2,4.81482486096809e-35
2013,200,25,(cos(x))+(sin((x)+(x))),4.0e-2,6.705337445584664,28.496872565964694,3.9885714285714284,4.0,4.000000000000001e-2,4.81482486096809e-35
2014,200,24,(cos(x))+(sin((x)+(x))),4.0e-2,5.8334078346593286,24.67325943744636,3.909090909090909,4.0,4.000000000000001e-2,4.81482486096809e-35
2015,200,32,(cos(x))+(sin((x)+(x))),4.0e-2,5.682806470545901,18.953281448741013,3.9285714285714284,4.0,4.000000000000001e-2,4.81482486096809e-35
2016,200,34,(cos(x))+(sin((x)+(x))),4.0e-2,9.425598890647043,46.07384391854014,4.0602409638554215,4.0,4.000000000000001e-2,4.81482486096809e-35
2017,200,29,(cos(x))+(sin((x)+(x))),4.0e-2,4.055067989010159,11.715830526933008,3.9941520467836256,4.0,4.000000000000001e-2,4.81482486096809e-35
2018,200,29,(cos(x))+(sin((x)+(x))),4.0e-2,5.950882123908133,26.017546725655198,4.035087719298246,4.0,4.000000000000001e-2,4.81482486096809e-35
2019,200,25,(cos(x))+(sin((x)+(x))),4.0e-2,5.057699172186079,17.95252625680079,3.9657142857142857,4.0,4.000000000000001e-2,4.81482486096809e-35
2020,200,30,(cos(x))+(sin((x)+(x))),4.0e-2,4.20237515591743,13.783565001376862,3.9705882352941178,4.0,4.000000000000001e-2,4.81482486096809e-35
2021,200,30,(cos(x))+(sin((x)+(x))),4.0e-2,7.953502395351876,45.194496206451895,4.011764705882353,4.0,4.000000000000001e-2,4.81482486096809e-35
2022,200,31,(cos(x))+(sin((x)+(x))),4.0e-2,3.6748966992911742,12.81479374636066,4.0,4.0,4.000000000000001e-2,4.81482486096809e-35
2023,200,23,(cos(abs(x)))+(sin((x)+(x))),4.0e-2,7.491680882378738,34.56135452998258,4.028248587570621,4.0,4.000000000000001e-2,4.81482486096809e-35
2024,200,25,(cos(x))+(sin((x)+(x))),4.0e-2,9.03839699094818,40.14250204924118,3.9314285714285715,4.0,4.000000000000001e-2,4.81482486096809e-35
2025,200,28,(cos(x))+(sin((x)+(x))),4.0e-2,8.04856381300314,25.22245619795268,3.8430232558139537,4.0,4.000000000000001e-2,4.81482486096809e-35
2026,200,23,(cos(x))+(sin((x)+(x))),4.0e-2,8.161432984495507,27.12651819409994,3.8757062146892656,4.0,4.000000000000001e-2,4.81482486096809e-35
2027,200,27,(cos(x))+(sin((x)+(x))),4.0e-2,4.299392854093326,18.481293484484343,3.9884393063583814,4.0,4.000000000000001e-2,4.81482486096809e-35
2028,200,36,(cos(abs(x)))+(sin((x)+(x))),4.0e-2,4.936080111807104,15.788746173923268,3.9451219512195124,4.0,4.000000000000001e-2,4.81482486096809e-35
2029,200,32,(cos(x))+(sin((x)+(x))),4.0e-2,3.523108331078646,12.112964559658794,4.065476190476191,4.0,4.000000000000001e-2,4.81482486096809e-35
2030,200,30,(cos(x))+(sin((x)+(x))),4.0e-2,6.138537852307303,24.173330411473724,3.9941176470588236,4.0,4.000000000000001e-2,4.81482486096809e-35
2031,200,30,(cos(abs(x)))+(sin((x)+(x))),4.0e-2,5.001152309577664,17.039995498344414,4.070588235294117,4.0,4.000000000000001e-2,4.81482486096809e-35
2032,200,36,(cos(x))+(sin((x)+(x))),4.0e-2,4.951230425366154,19.569837935143777,4.048780487804878,4.0,4.000000000000001e-2,4.81482486096809e-35
2033,200,31,(cos(abs(x)))+(sin((x)+(x))),4.0e-2,5.158159595228976,14.337715475597713,3.9171597633136095,4.0,4.000000000000001e-2,4.81482486096809e-35
2034,200,24,(cos(x))+(sin((x)+(x))),4.0e-2,4.043605538207765,12.05128274401727,4.017045454545454,4.0,4.000000000000001e-2,4.81482486096809e-35
2035,200,28,(cos(x))+(sin((x)+(x))),4.0e-2,5.54802985591748,19.748434595210306,3.953488372093023,4.0,4.000000000000001e-2,4.81482486096809e-35
2036,200,21,(cos(x))+(sin((x)+(x))),4.0e-2,7.438437775056311,21.98515820709985,3.988826815642458,4.0,4.000000000000001e-2,4.81482486096809e-35
2037,200,28,(cos(x))+(sin((x)+(x))),4.0e-2,4.885277885431685,19.66062679678643,4.02906976744186,4.0,4.000000000000001e-2,4.81482486096809e-35
2038,200,23,(cos(x))+(sin((x)+(x))),4.0e-2,7.520812327388435,25.30112366116821,3.9096045197740112,4.0,4.000000000000001e-2,4.81482486096809e-35
2039,200,29,(cos(x))+(sin((x)+(x))),4.0e-2,2.7420754803665606,9.47391302800421,4.0,4.0,4.000000000000001e-2,4.81482486096809e-35
2040,200,28,(cos(abs(x)))+(sin((x)+(x))),4.0e-2,9.349262120137528,35.263091199975655,4.034883720930233,4.0,4.000000000000001e-2,4.81482486096809e-35
2041,200,23,(cos(x))+(sin((x)+(x))),4.0e-2,6.5562504708390446,23.29487481350642,3.9717514124293785,4.0,4.000000000000001e-2,4.81482486096809e-35
2042,200,26,(cos(x))+(sin((x)+(x))),4.0e-2,4.574584026692622,12.948852830816957,3.925287356321839,4.0,4.000000000000001e-2,4.81482486096809e-35
2043,200,28,(cos(x))+(sin((x)+(x))),4.0e-2,7.764384230954788,31.220255169835454,3.9767441860465116,4.0,4.000000000000001e-2,4.81482486096809e-35
2044,200,26,(cos(x))+(sin((x)+(x))),4.0e-2,6.048070726688594,20.72050961828753,3.8793103448275863,4.0,4.000000000000001e-2,4.81482486096809e-35
2045,200,26,(cos(abs(x)))+(sin((x)+(x))),4.0e-2,7.061602492065659,35.00610420321754,3.9482758620689653,4.0,4.000000000000001e-2,4.81482486096809e-35
2046,200,36,(cos(abs(x)))+(sin((x)+(x))),4.0e-2,5.693411772481293,15.40623310626247,3.908536585365854,4.0,4.000000000000001e-2,4.81482486096809e-35
2047,200,28,(cos(abs(x)))+(sin((x)+(x))),4.0e-2,11.642454449492028,64.86607964456357,3.9186046511627906,4.0,4.000000000000001e-2,4.81482486096809e-35
2048,200,23,(cos(abs(x)))+(sin((x)+(x))),4.0e-2,8.766439216052149,31.281932418389818,4.005649717514125,4.0,4.000000000000001e-2,4.81482486096809e-35
2049,200,25,(cos(x))+(sin((x)+(x))),4.0e-2,7.685524481021295,22.95460351336465,3.8857142857142857,4.0,4.000000000000001e-2,4.81482486096809e-35
2050,200,30,(cos(x))+(sin((x)+(x))),4.0e-2,6.700841906661062,30.755418192124523,4.0058823529411764,4.0,4.000000000000001e-2,4.81482486096809e-35
2051,200,22,(cos(x))+(sin((x)+(x))),4.0e-2,9.792862870281596,31.577222205283732,3.8876404494382024,4.0,4.000000000000001e-2,4.81482486096809e-35
2052,200,24,(cos(x))+(sin((x)+(x))),4.0e-2,7.314835987672146,23.927493834691045,3.9488636363636362,4.0,4.000000000000001e-2,4.81482486096809e-35
2053,200,27,(cos(x))+(sin((x)+(x))),4.0e-2,5.25844384815151,19.561176851501944,3.9364161849710984,4.0,4.000000000000001e-2,4.81482486096809e-35
2054,200,27,(cos(x))+(sin((x)+(x))),4.0e-2,6.13852570504365,21.29042576103318,3.9190751445086707,4.0,4.000000000000001e-2,4.81482486096809e-35
2055,200,26,(cos(x))+(sin((x)+(x))),4.0e-2,6.807214220826536,21.0160093407803,3.9022988505747125,4.0,4.000000000000001e-2,4.81482486096809e-35
2056,200,23,(cos(x))+(sin((x)+(x))),4.0e-2,6.461871888120607,21.075295462823924,3.983050847457627,4.0,4.000000000000001e-2,4.81482486096809e-35
2057,200,28,(cos(x))+(sin((x)+(x))),4.0e-2,4.515606170984229,14.128023656511694,3.947674418604651,4.0,4.000000000000001e-2,4.81482486096809e-35
2058,200,30,(cos(x))+(sin((x)+(x))),4.0e-2,7.249953916452101,28.09550200323696,3.888235294117647,4.0,4.000000000000001e-2,4.81482486096809e-35
2059,200,20,(cos(x))+(sin((x)+(x))),4.0e-2,6.401578364997239,22.529468461211255,3.7944444444444443,4.0,4.000000000000001e-2,4.81482486096809e-35
2060,200,25,(cos(x))+(sin((x)+(x))),4.0e-2,6.660790388376297,22.558758576665614,3.8971428571428572,4.0,4.000000000000001e-2,4.81482486096809e-35
2061,200,19,(cos(abs(x)))+(sin((x)+(x))),4.0e-2,7.857940315419319,45.09479169262816,3.889502762430939,4.0,4.000000000000001e-2,4.81482486096809e-35
2062,200,24,(cos(x))+(sin((x)+(x))),4.0e-2,5.277437879571165,14.556139746971226,3.960227272727273,4.0,4.000000000000001e-2,4.81482486096809e-35
2063,200,29,(cos(x))+(sin((x)+(x))),4.0e-2,6.441882648280871,20.016136846938394,4.04093567251462,4.0,4.000000000000001e-2,4.81482486096809e-35
2064,200,26,(cos(abs(x)))+(sin((x)+(x))),4.0e-2,24.945490447738248,232.54751847439428,3.9310344827586206,4.0,4.000000000000001e-2,4.81482486096809e-35
2065,200,33,(cos(x))+(sin((x)+(x))),4.0e-2,4.005518046615628,11.795584609203825,3.9161676646706587,4.0,4.000000000000001e-2,4.81482486096809e-35
2066,200,31,(cos(x))+(sin((x)+(x))),4.0e-2,23.71379656324431,234.18548938049906,4.011834319526627,4.0,4.000000000000001e-2,4.81482486096809e-35
2067,200,22,(cos(abs(x)))+(sin((x)+(x))),4.0e-2,8.33654921342427,29.09295516346731,3.8820224719101124,4.0,4.000000000000001e-2,4.81482486096809e-35
2068,200,28,(cos(x))+(sin((x)+(x))),4.0e-2,6.801596305110775,22.691858244948925,3.9767441860465116,4.0,4.000000000000001e-2,4.81482486096809e-35
2069,200,29,(cos(x))+(sin((x)+(x))),4.0e-2,7.341461847383559,22.95453901968898,3.953216374269006,4.0,4.000000000000001e-2,4.81482486096809e-35
2070,200,29,(cos(x))+(sin((x)+(x))),4.0e-2,3.9449560876321828,11.674876689535843,4.052631578947368,4.0,4.000000000000001e-2,4.81482486096809e-35
2071,200,33,(cos(x))+(sin((x)+(x))),4.0e-2,7.567263921240411,30.616829324366762,4.023952095808383,4.0,4.000000000000001e-2,4.81482486096809e-35
2072,200,27,(cos(x))+(sin((x)+(x))),4.0e-2,6.781203520873866,23.23754433739108,3.9826589595375723,4.0,4.000000000000001e-2,4.81482486096809e-35
2073,200,29,(cos(x))+(sin((x)+(x))),4.0e-2,4.876304041523354,16.31908939981367,3.818713450292398,4.0,4.000000000000001e-2,4.81482486096809e-35
2074,200,25,(cos(x))+(sin((x)+(x))),4.0e-2,5.420097428566614,15.669809487253515,3.9657142857142857,4.0,4.000000000000001e-2,4.81482486096809e-35
2075,200,36,(cos(x))+(sin((x)+(x))),4.0e-2,5.639479678889103,15.161311056867566,3.902439024390244,4.0,4.000000000000001e-2,4.81482486096809e-35
2076,200,28,(cos(x))+(sin((x)+(x))),4.0e-2,6.631586104823498,28.115326102561514,4.040697674418604,4.0,4.000000000000001e-2,4.81482486096809e-35
2077,200,24,(cos(x))+(sin((x)+(x))),4.0e-2,6.029345374044305,20.388643857357927,3.8181818181818183,4.0,4.000000000000001e-2,4.81482486096809e-35
2078,200,29,(cos(x))+(sin((x)+(x))),4.0e-2,6.869118999797633,22.03519360089837,3.9590643274853803,4.0,4.000000000000001e-2,4.81482486096809e-35
2079,200,33,(cos(x))+(sin((x)+(x))),4.0e-2,1581.1812326948084,20301.85117842402,3.9940119760479043,4.0,4.000000000000001e-2,4.81482486096809e-35
2080,200,22,(cos(x))+(sin((x)+(x))),4.0e-2,5.189442833886644,13.304277789787763,3.9269662921348316,4.0,4.000000000000001e-2,4.81482486096809e-35
2081,200,23,(cos(x))+(sin((x)+(x))),4.0e-2,5.788944877451513,17.48729539537736,4.005649717514125,4.0,4.000000000000001e-2,4.81482486096809e-35
2082,200,26,(cos(x))+(sin((x)+(x))),4.0e-2,4.561908654082169,13.781691211919528,3.942528735632184,4.0,4.000000000000001e-2,4.81482486096809e-35
2083,200,30,(cos(x))+(sin((x)+(x))),4.0e-2,23.25027680227747,234.7535441880357,3.888235294117647,4.0,4.000000000000001e-2,4.81482486096809e-35
2084,200,32,(cos(x))+(sin((x)+(x))),4.0e-2,6.249714299506081,27.143589891332116,4.011904761904762,4.0,4.000000000000001e-2,4.81482486096809e-35
2085,200,31,(cos(x))+(sin((x)+(x))),4.0e-2,2.768057872935691,10.341301164086163,3.905325443786982,4.0,4.000000000000001e-2,4.81482486096809e-35
2086,200,23,(cos(x))+(sin((x)+(x))),4.0e-2,6.730331474724275,34.37636557134893,3.8983050847457625,4.0,4.000000000000001e-2,4.81482486096809e-35
2087,200,24,(cos(x))+(sin((x)+(x))),4.0e-2,4.485841939207791,17.085171151315983,3.9375,4.0,4.000000000000001e-2,4.81482486096809e-35
2088,200,27,(cos(x))+(sin((x)+(x))),4.0e-2,5.094309817769775,18.020046186514794,3.976878612716763,4.0,4.000000000000001e-2,4.81482486096809e-35
2089,200,34,(cos(x))+(sin((x)+(x))),4.0e-2,5.464052607213458,22.903863518715035,4.042168674698795,4.0,4.000000000000001e-2,4.81482486096809e-35
2090,200,27,(cos(x))+(sin((x)+(x))),4.0e-2,9.534890633267159,41.328099058704176,3.9884393063583814,4.0,4.000000000000001e-2,4.81482486096809e-35
2091,200,30,(cos(x))+(sin((x)+(x))),4.0e-2,5.058084659102371,14.691580347309564,3.9529411764705884,4.0,4.000000000000001e-2,4.81482486096809e-35
2092,200,31,(cos(x))+(sin((x)+(x))),4.0e-2,3.678464521515793,11.481817255664284,4.011834319526627,4.0,4.000000000000001e-2,4.81482486096809e-35
2093,200,30,(cos(x))+(sin((x)+(x))),4.0e-2,3.986875162060417,13.91804352608694,3.9647058823529413,4.0,4.000000000000001e-2,4.81482486096809e-35
2094,200,27,(cos(x))+(sin((x)+(x))),4.0e-2,22.570019601783283,231.69363002189613,3.930635838150289,4.0,4.000000000000001e-2,4.81482486096809e-35
2095,200,24,(cos(x))+(sin((x)+(x))),4.0e-2,22.17886230705794,229.96857033716444,3.9545454545454546,4.0,4.000000000000001e-2,4.81482486096809e-35
2096,200,32,(cos(x))+(sin((x)+(x))),4.0e-2,7.87277489570331,30.037568273813008,3.875,4.0,4.000000000000001e-2,4.81482486096809e-35
2097,200,31,(cos(x))+(sin((x)+(x))),4.0e-2,8.685129956552032,43.43016787062365,3.8698224852071004,4.0,4.000000000000001e-2,4.81482486096809e-35
2098,200,30,(cos(x))+(sin((x)+(x))),4.0e-2,3.8053087974688125,17.237686910137498,3.976470588235294,4.0,4.000000000000001e-2,4.81482486096809e-35
2099,200,34,(cos(x))+(sin((x)+(x))),4.0e-2,6.686926980948723,33.885638695028646,4.048192771084337,4.0,4.000000000000001e-2,4.81482486096809e-35
2100,200,20,(cos(x))+(sin((x)+(x))),4.0e-2,7.542730351245113,23.89016671981234,3.8666666666666667,4.0,4.000000000000001e-2,4.81482486096809e-35
2101,200,30,(cos(x))+(sin((x)+(x))),4.0e-2,4.964479498455861,16.076035509907907,3.9705882352941178,4.0,4.000000000000001e-2,4.81482486096809e-35
2102,200,35,(cos(x))+(sin((x)+(x))),4.0e-2,7.708817678123178,25.260271918002918,3.8424242424242423,4.0,4.000000000000001e-2,4.81482486096809e-35
2103,200,29,(cos(x))+(sin((x)+(x))),4.0e-2,6.989411640092695,30.084769217790317,3.8947368421052633,4.0,4.000000000000001e-2,4.81482486096809e-35
2104,200,28,(cos(x))+(sin((x)+(x))),4.0e-2,6.034854213089799,24.67192420311876,3.9244186046511627,4.0,4.000000000000001e-2,4.81482486096809e-35
2105,200,34,(cos(x))+(sin((x)+(x))),4.0e-2,5.091674888431512,17.837975830146778,4.024096385542169,4.0,4.000000000000001e-2,4.81482486096809e-35
2106,200,26,(cos(x))+(sin((x)+(x))),4.0e-2,10.10953055432137,51.96423588822042,3.971264367816092,4.0,4.000000000000001e-2,4.81482486096809e-35
2107,200,21,(cos(x))+(sin((x)+(x))),4.0e-2,5.899226490591788,20.000873744416474,3.9608938547486034,4.0,4.000000000000001e-2,4.81482486096809e-35
2108,200,27,(cos(x))+(sin((x)+(x))),4.0e-2,5.656429489314262,18.677084145861127,3.947976878612717,4.0,4.000000000000001e-2,4.81482486096809e-35
2109,200,24,(cos(x))+(sin((x)+(x))),4.0e-2,7.188422055035686,26.736119234485194,3.897727272727273,4.0,4.000000000000001e-2,4.81482486096809e-35
2110,200,26,(cos(x))+(sin((x)+(x))),4.0e-2,5.9016975593260526,16.272918381628074,3.942528735632184,4.0,4.000000000000001e-2,4.81482486096809e-35
2111,200,27,(cos(x))+(sin((x)+(x))),4.0e-2,7.219808639554961,25.794236735766873,3.9826589595375723,4.0,4.000000000000001e-2,4.81482486096809e-35
2112,200,24,(cos(x))+(sin((x)+(x))),4.0e-2,5.49442535530762,13.887839392672912,3.9488636363636362,4.0,4.000000000000001e-2,4.81482486096809e-35
2113,200,36,(cos(x))+(sin((x)+(x))),4.0e-2,12.329227062355049,86.40428371528468,4.048780487804878,4.0,4.000000000000001e-2,4.81482486096809e-35
2114,200,26,(cos(x))+(sin((x)+(x))),4.0e-2,22.618676426548017,234.2524828231354,4.040229885057471,4.0,4.000000000000001e-2,4.81482486096809e-35
2115,200,29,(cos(x))+(sin((x)+(x))),4.0e-2,6.806651050640718,21.191077012831233,3.9707602339181287,4.0,4.000000000000001e-2,4.81482486096809e-35
2116,200,22,(cos(x))+(sin((x)+(x))),4.0e-2,9.036285591718137,37.17600304861183,3.9831460674157304,4.0,4.000000000000001e-2,4.81482486096809e-35
2117,200,24,(cos(x))+(sin((x)+(x))),4.0e-2,6.083326043709899,18.002314514365278,3.977272727272727,4.0,4.000000000000001e-2,4.81482486096809e-35
2118,200,34,(cos(x))+(sin((x)+(x))),4.0e-2,4.269248630357856,12.655869792710966,3.9156626506024095,4.0,4.000000000000001e-2,4.81482486096809e-35
2119,200,28,(cos(x))+(sin((x)+(x))),4.0e-2,4.996082435944742,15.254635447594,3.953488372093023,4.0,4.000000000000001e-2,4.81482486096809e-35
2120,200,30,(cos(x))+(sin((x)+(x))),4.0e-2,4.191891696319876,16.171301010926392,3.9647058823529413,4.0,4.000000000000001e-2,4.81482486096809e-35
2121,200,24,(cos(x))+(sin((x)+(x))),4.0e-2,6.377837460399851,20.464998134821766,3.9318181818181817,4.0,4.000000000000001e-2,4.81482486096809e-35
2122,200,28,(cos(x))+(sin((x)+(x))),4.0e-2,4.875750435102316,17.547317604174253,3.9011627906976742,4.0,4.000000000000001e-2,4.81482486096809e-35
2123,200,30,(cos(x))+(sin((x)+(x))),4.0e-2,5.417498120066042,14.915215399032538,3.947058823529412,4.0,4.000000000000001e-2,4.81482486096809e-35
2124,200,28,(cos(x))+(sin((x)+(x))),4.0e-2,8.307913396079293,31.623936460939845,3.8430232558139537,4.0,4.000000000000001e-2,4.81482486096809e-35
2125,200,25,(cos(x))+(sin((x)+(x))),4.0e-2,5.823991167919527,17.460991358218504,3.994285714285714,4.0,4.000000000000001e-2,4.81482486096809e-35
2126,200,22,(cos(x))+(sin((x)+(x))),4.0e-2,9.572615480329182,35.20106832509012,3.960674157303371,4.0,4.000000000000001e-2,4.81482486096809e-35
2127,200,23,(cos(x))+(sin((x)+(x))),4.0e-2,4.671219958310144,13.394570627726765,4.011299435028248,4.0,4.000000000000001e-2,4.81482486096809e-35
2128,200,19,(cos(x))+(sin((x)+(x))),4.0e-2,5.542902676103365,14.369178066477149,4.038674033149171,4.0,4.000000000000001e-2,4.81482486096809e-35
2129,200,23,(cos(x))+(sin((x)+(x))),4.0e-2,7.224432624814306,22.04397369842765,3.8813559322033897,4.0,4.000000000000001e-2,4.81482486096809e-35
2130,200,30,(cos(x))+(sin((x)+(x))),4.0e-2,7.054041841841442,25.046131571254655,3.9647058823529413,4.0,4.000000000000001e-2,4.81482486096809e-35
2131,200,30,(cos(x))+(sin((x)+(x))),4.0e-2,4.48048466331506,11.989787200571586,3.9941176470588236,4.0,4.000000000000001e-2,4.81482486096809e-35
2132,200,31,(cos(x))+(sin((x)+(x))),4.0e-2,8.646919142588333,48.16391602102633,4.053254437869822,4.0,4.000000000000001e-2,4.81482486096809e-35
2133,200,29,(cos(x))+(sin((x)+(x))),4.0e-2,5.6494802862877505,22.409894137969314,4.087719298245614,4.0,4.000000000000001e-2,4.81482486096809e-35
2134,200,26,(cos(x))+(sin((x)+(x))),4.0e-2,5.966092597643407,18.60927380849617,3.8563218390804597,4.0,4.000000000000001e-2,4.81482486096809e-35
2135,200,28,(cos(x))+(sin((x)+(x))),4.0e-2,10.144934011529962,55.91816508999688,3.9709302325581395,4.0,4.000000000000001e-2,4.81482486096809e-35
2136,200,29,(cos(x))+(sin((x)+(x))),4.0e-2,6.752594784569794,35.51133561230733,4.023391812865497,4.0,4.000000000000001e-2,4.81482486096809e-35
2137,200,29,(cos(x))+(sin((x)+(x))),4.0e-2,5.820716915703091,15.204757139819058,3.8596491228070176,4.0,4.000000000000001e-2,4.81482486096809e-35
2138,200,22,(cos(x))+(sin((x)+(x))),4.0e-2,16.81651206201547,155.28637319002797,3.9887640449438204,4.0,4.000000000000001e-2,4.81482486096809e-35
2139,200,23,(cos(x))+(sin((x)+(x))),4.0e-2,6.584632351520455,23.008407788516834,3.977401129943503,4.0,4.000000000000001e-2,4.81482486096809e-35
2140,200,26,(cos(x))+(sin((x)+(x))),4.0e-2,7.098257519294316,20.672021167440803,3.896551724137931,4.0,4.000000000000001e-2,4.81482486096809e-35
2141,200,28,(cos(x))+(sin((x)+(x))),4.0e-2,7.056017591113068,20.3951443852946,3.9186046511627906,4.0,4.000000000000001e-2,4.81482486096809e-35
2142,200,25,(cos(x))+(sin((x)+(x))),4.0e-2,7.489751797783437,28.869789264314495,3.96,4.0,4.000000000000001e-2,4.81482486096809e-35
2143,200,23,(cos(x))+(sin((x)+(x))),4.0e-2,4.9677654044664825,13.560613017933006,3.903954802259887,4.0,4.000000000000001e-2,4.81482486096809e-35
2144,200,22,(cos(x))+(sin((x)+(x))),4.0e-2,6.9251422497655115,20.05802195646714,3.960674157303371,4.0,4.000000000000001e-2,4.81482486096809e-35
2145,200,31,(cos(x))+(sin((x)+(x))),4.0e-2,4.084617690797223,12.856774746445689,3.970414201183432,4.0,4.000000000000001e-2,4.81482486096809e-35
2146,200,32,(cos(x))+(sin((x)+(x))),4.0e-2,5.207336381161683,19.70215766124797,4.071428571428571,4.0,4.000000000000001e-2,4.81482486096809e-35
2147,200,23,(cos(x))+(sin((x)+(x))),4.0e-2,5.421024650339512,18.742202162193347,4.03954802259887,4.0,4.000000000000001e-2,4.81482486096809e-35
2148,200,33,(cos(x))+(sin((x)+(x))),4.0e-2,3.801379663030923,11.312585717646819,4.0119760479041915,4.0,4.000000000000001e-2,4.81482486096809e-35
2149,200,30,(cos(x))+(sin((x)+(x))),4.0e-2,5.366099484814622,25.658922645357254,4.017647058823529,4.0,4.000000000000001e-2,4.81482486096809e-35
2150,200,32,(cos(x))+(sin((x)+(x))),4.0e-2,5.86032558609611,32.24919833869153,3.9702380952380953,4.0,4.000000000000001e-2,4.81482486096809e-35
2151,200,23,(cos(x))+(sin((x)+(x))),4.0e-2,9.169944772751887,31.632362282256196,3.937853107344633,4.0,4.000000000000001e-2,4.81482486096809e-35
2152,200,24,(cos(x))+(sin((x)+(x))),4.0e-2,5.17475822739311,20.178922325613854,3.9261363636363638,4.0,4.000000000000001e-2,4.81482486096809e-35
2153,200,31,(cos(x))+(sin((x)+(x))),4.0e-2,6.649950032952483,27.59722465854959,3.9763313609467454,4.0,4.000000000000001e-2,4.81482486096809e-35
2154,200,23,(cos(x))+(sin((x)+(x))),4.0e-2,6.8444520852245825,20.5339689991334,3.9717514124293785,4.0,4.000000000000001e-2,4.81482486096809e-35
2155,200,28,(cos(x))+(sin((x)+(x))),4.0e-2,5.810691642723793,31.91524906327272,4.023255813953488,4.0,4.000000000000001e-2,4.81482486096809e-35
2156,200,31,(cos(x))+(sin((x)+(x))),4.0e-2,5.585691927858124,22.757460593672256,4.011834319526627,4.0,4.000000000000001e-2,4.81482486096809e-35
2157,200,30,(cos(x))+(sin((x)+(x))),4.0e-2,3.2628305391017314,11.102710087405177,3.929411764705882,4.0,4.000000000000001e-2,4.81482486096809e-35
2158,200,23,(cos(x))+(sin((x)+(x))),4.0e-2,9.099505602300837,31.027781330388983,3.9096045197740112,4.0,4.000000000000001e-2,4.81482486096809e-35
2159,200,28,(cos(x))+(sin((x)+(x))),4.0e-2,5.427313118189658,21.063685558390212,4.023255813953488,4.0,4.000000000000001e-2,4.81482486096809e-35
2160,200,26,(cos(x))+(sin((x)+(x))),4.0e-2,8.358534590685371,45.33659004189676,4.0344827586206895,4.0,4.000000000000001e-2,4.81482486096809e-35
2161,200,31,(cos(x))+(sin((x)+(x))),4.0e-2,5.71556954163314,21.04997633892928,3.9881656804733727,4.0,4.000000000000001e-2,4.81482486096809e-35
2162,200,29,(cos(x))+(sin((x)+(x))),4.0e-2,6.511697161632067,40.82741439101381,3.9941520467836256,4.0,4.000000000000001e-2,4.81482486096809e-35
2163,200,27,(cos(x))+(sin((x)+(x))),4.0e-2,23.095870815476196,232.93754507511204,3.907514450867052,4.0,4.000000000000001e-2,4.81482486096809e-35
2164,200,24,(cos(x))+(sin((x)+(x))),4.0e-2,6.74516943406569,19.42330421354062,3.977272727272727,4.0,4.000000000000001e-2,4.81482486096809e-35
2165,200,29,(cos(x))+(sin((x)+(x))),4.0e-2,8.016967806078576,37.72730281449176,4.058479532163743,4.0,4.000000000000001e-2,4.81482486096809e-35
2166,200,20,(cos(x))+(sin((x)+(x))),4.0e-2,6.5344865434443955,16.010042337584515,3.8833333333333333,4.0,4.000000000000001e-2,4.81482486096809e-35
2167,200,31,(cos(x))+(sin((x)+(x))),4.0e-2,7.088644899011188,22.222068360848812,3.8224852071005917,4.0,4.000000000000001e-2,4.81482486096809e-35
2168,200,23,(cos(x))+(sin((x)+(x))),4.0e-2,4.873094959365976,14.249115250472164,3.9548022598870056,4.0,4.000000000000001e-2,4.81482486096809e-35
2169,200,27,(cos(x))+(sin((x)+(x))),4.0e-2,5.632295926985915,16.94182970122608,3.994219653179191,4.0,4.000000000000001e-2,4.81482486096809e-35
2170,200,20,(cos(x))+(sin((x)+(x))),4.0e-2,7.507086470842008,24.134497246588605,3.888888888888889,4.0,4.000000000000001e-2,4.81482486096809e-35
2171,200,29,(cos(x))+(sin((x)+(x))),4.0e-2,5.337367379882995,14.795627258340703,4.029239766081871,4.0,4.000000000000001e-2,4.81482486096809e-35
2172,200,23,(cos(x))+(sin((x)+(x))),4.0e-2,4.918457139383659,17.860800259711137,4.033898305084746,4.0,4.000000000000001e-2,4.81482486096809e-35
2173,200,30,(cos(x))+(sin((x)+(x))),4.0e-2,4.92599813953257,26.01121112969798,4.070588235294117,4.0,4.000000000000001e-2,4.81482486096809e-35
2174,200,34,(cos(x))+(sin((x)+(x))),4.0e-2,7.0504746746385125,29.381595849871026,4.054216867469879,4.0,4.000000000000001e-2,4.81482486096809e-35
2175,200,25,(cos(x))+(sin((x)+(x))),4.0e-2,5.810489350403763,19.082537349009467,3.9885714285714284,4.0,4.000000000000001e-2,4.81482486096809e-35
2176,200,26,(cos(x))+(sin((x)+(x))),4.0e-2,6.905019708167648,23.533310679881648,3.9597701149425286,4.0,4.000000000000001e-2,4.81482486096809e-35
2177,200,24,(cos(x))+(sin((x)+(x))),4.0e-2,8.838286168231944,35.8287106778361,3.9886363636363638,4.0,4.000000000000001e-2,4.81482486096809e-35
2178,200,29,(cos(x))+(sin((x)+(x))),4.0e-2,6.253485326818111,29.664837542178034,3.9590643274853803,4.0,4.000000000000001e-2,4.81482486096809e-35
2179,200,29,(cos(x))+(sin((x)+(x))),4.0e-2,4.0284664052930825,14.45440816095982,4.005847953216374,4.0,4.000000000000001e-2,4.81482486096809e-35
2180,200,26,(cos(x))+(sin((x)+(x))),4.0e-2,6.577219630807271,20.90476045307793,3.9367816091954024,4.0,4.000000000000001e-2,4.81482486096809e-35
2181,200,35,(cos(x))+(sin((x)+(x))),4.0e-2,4.964204511502377,14.503390804930401,3.9515151515151516,4.0,4.000000000000001e-2,4.81482486096809e-35
2182,200,28,(cos(x))+(sin((x)+(x))),4.0e-2,5.110336290446986,15.13242405456445,4.075581395348837,4.0,4.000000000000001e-2,4.81482486096809e-35
2183,200,29,(cos(x))+(sin((x)+(x))),4.0e-2,7.584018722013025,31.0482920488594,3.9707602339181287,4.0,4.000000000000001e-2,4.81482486096809e-35
2184,200,19,(cos(x))+(sin((x)+(x))),4.0e-2,9.499197739143385,29.19136627554932,3.850828729281768,4.0,4.000000000000001e-2,4.81482486096809e-35
2185,200,32,(cos(x))+(sin((x)+(x))),4.0e-2,4.768581587141309,13.520006504446213,3.9107142857142856,4.0,4.000000000000001e-2,4.81482486096809e-35
2186,200,28,(cos(x))+(sin((x)+(x))),4.0e-2,4.307501184233152,11.904926841575325,4.063953488372093,4.0,4.000000000000001e-2,4.81482486096809e-35
2187,200,22,(cos(x))+(sin((x)+(x))),4.0e-2,7.7689194213475075,26.79145460225545,3.9831460674157304,4.0,4.000000000000001e-2,4.81482486096809e-35
2188,200,29,(cos(x))+(sin((x)+(x))),4.0e-2,7.07393953336792,20.85741876712072,3.865497076023392,4.0,4.000000000000001e-2,4.81482486096809e-35
2189,200,29,(cos(x))+(sin((x)+(x))),4.0e-2,5.512038718766537,16.232425086192368,4.035087719298246,4.0,4.000000000000001e-2,4.81482486096809e-35
2190,200,23,(cos(x))+(sin((x)+(x))),4.0e-2,4.428546150716862,13.128889118476128,3.9717514124293785,4.0,4.000000000000001e-2,4.81482486096809e-35
2191,200,28,(cos(x))+(sin((x)+(x))),4.0e-2,4.623464558815422,13.097018664663912,3.872093023255814,4.0,4.000000000000001e-2,4.81482486096809e-35
2192,200,25,(cos(x))+(sin((x)+(x))),4.0e-2,6.772182640376875,32.755374368006564,3.902857142857143,4.0,4.000000000000001e-2,4.81482486096809e-35
2193,200,18,(cos(x))+(sin((x)+(x))),4.0e-2,6.194613264707623,15.45162063740569,3.901098901098901,4.0,4.000000000000001e-2,4.81482486096809e-35
2194,200,29,(cos(x))+(sin((x)+(x))),4.0e-2,5.157451487666885,14.41193315865319,3.9766081871345027,4.0,4.000000000000001e-2,4.81482486096809e-35
2195,200,26,(cos(x))+(sin((x)+(x))),4.0e-2,8.249712253928262,24.53971931018235,3.8793103448275863,4.0,4.000000000000001e-2,4.81482486096809e-35
2196,200,26,(cos(x))+(sin((x)+(x))),4.0e-2,4.905028139182662,13.356711453241148,3.7701149425287355,4.0,4.000000000000001e-2,4.81482486096809e-35
2197,200,32,(cos(x))+(sin((x)+(x))),4.0e-2,5.801135172165904,18.742312539246914,3.869047619047619,4.0,4.000000000000001e-2,4.81482486096809e-35
2198,200,27,(cos(x))+(sin((x)+(x))),4.0e-2,7.667519789409297,32.14095880513148,4.023121387283237,4.0,4.000000000000001e-2,4.81482486096809e-35
2199,200,24,(cos(x))+(sin((x)+(x))),4.0e-2,4.45835873847782,12.031281567754332,4.005681818181818,4.0,4.000000000000001e-2,4.81482486096809e-35
2200,200,28,(cos(x))+(sin((x)+(x))),4.0e-2,4.566563366631629,14.55876672739233,3.988372093023256,4.0,4.000000000000001e-2,4.81482486096809e-35
2201,200,31,(cos(x))+(sin((x)+(x))),4.0e-2,5.742893729271357,19.02705929055168,3.9526627218934913,4.0,4.000000000000001e-2,4.81482486096809e-35
2202,200,24,(cos(x))+(sin((x)+(x))),4.0e-2,22.70648185074184,230.00469121512376,3.9886363636363638,4.0,4.000000000000001e-2,4.81482486096809e-35
2203,200,33,(cos(x))+(sin((x)+(x))),4.0e-2,5.809038196235726,20.95772475479632,4.059880239520958,4.0,4.000000000000001e-2,4.81482486096809e-35
2204,200,26,(cos(-(x)))+(sin((x)+(x))),4.0e-2,7.680577045331339,33.572715765941936,4.057471264367816,4.0,4.000000000000001e-2,4.81482486096809e-35
2205,200,24,(cos(x))+(sin((x)+(x))),4.0e-2,6.321271280035711,18.327102664472214,3.835227272727273,4.0,4.000000000000001e-2,4.81482486096809e-35
2206,200,25,(cos(x))+(sin((x)+(x))),4.0e-2,4.73594254173355,13.012235344208085,3.9257142857142857,4.0,4.000000000000001e-2,4.81482486096809e-35
2207,200,25,(cos(x))+(sin((x)+(x))),4.0e-2,7.388282990060672,24.860080296484696,3.9085714285714284,4.0,4.000000000000001e-2,4.81482486096809e-35
2208,200,27,(cos(x))+(sin((x)+(x))),4.0e-2,6.739169337274933,24.653131168918108,3.953757225433526,4.0,4.000000000000001e-2,4.81482486096809e-35
2209,200,28,(cos(x))+(sin((x)+(x))),4.0e-2,7.890659829213548,21.384621260966853,3.866279069767442,4.0,4.000000000000001e-2,4.81482486096809e-35
2210,200,29,(cos(x))+(sin((x)+(x))),4.0e-2,6.5092708573908515,23.18523616499386,3.953216374269006,4.0,4.000000000000001e-2,4.81482486096809e-35
2211,200,29,(cos(x))+(sin((x)+(x))),4.0e-2,5.467699818066235,17.72058658212006,4.023391812865497,4.0,4.000000000000001e-2,4.81482486096809e-35
2212,200,26,(cos(x))+(sin((x)+(x))),4.0e-2,4.9483707645181765,14.729806657622412,3.9080459770114944,4.0,4.000000000000001e-2,4.81482486096809e-35
2213,200,33,(cos(x))+(sin((x)+(x))),4.0e-2,4.6706263968034865,13.521041376399639,3.8682634730538923,4.0,4.000000000000001e-2,4.81482486096809e-35
2214,200,22,(cos(x))+(sin((x)+(x))),4.0e-2,7.637749972481325,22.693867233355032,3.8876404494382024,4.0,4.000000000000001e-2,4.81482486096809e-35
2215,200,30,(cos(x))+(sin((x)+(x))),4.0e-2,10.083381299368803,54.88103692736644,3.8941176470588235,4.0,4.000000000000001e-2,4.81482486096809e-35
2216,200,27,(cos(x))+(sin((x)+(x))),4.0e-2,7.4325274355946815,32.85109863823771,3.9826589595375723,4.0,4.000000000000001e-2,4.81482486096809e-35
2217,200,24,(cos(x))+(sin((x)+(x))),4.0e-2,8.61295599471604,43.14501025976865,3.960227272727273,4.0,4.000000000000001e-2,4.81482486096809e-35
2218,200,30,(cos(x))+(sin((x)+(x))),4.0e-2,5.1417395662804655,13.787753879309326,4.029411764705882,4.0,4.000000000000001e-2,4.81482486096809e-35
2219,200,29,(cos(x))+(sin((x)+(x))),4.0e-2,4.375357640954974,12.18195886410824,3.9649122807017543,4.0,4.000000000000001e-2,4.81482486096809e-35
2220,200,23,(cos(x))+(sin((x)+(x))),4.0e-2,4.265693957199054,12.937658447525925,3.9491525423728815,4.0,4.000000000000001e-2,4.81482486096809e-35
2221,200,25,(cos(x))+(sin((x)+(x))),4.0e-2,6.745639417682949,19.845355287330626,4.017142857142857,4.0,4.000000000000001e-2,4.81482486096809e-35
2222,200,22,(cos(x))+(sin((x)+(x))),4.0e-2,5.529505322912836,19.471804650809474,3.9157303370786516,4.0,4.000000000000001e-2,4.81482486096809e-35
2223,200,27,(cos(x))+(sin((x)+(x))),4.0e-2,5.038218717763439,14.970853868978663,3.907514450867052,4.0,4.000000000000001e-2,4.81482486096809e-35
2224,200,25,(cos(x))+(sin((x)+(x))),4.0e-2,4.549288597599359,13.930403205871729,3.954285714285714,4.0,4.000000000000001e-2,4.81482486096809e-35
2225,200,24,(cos(x))+(sin((x)+(x))),4.0e-2,5.542423504945107,14.575061467336003,3.9829545454545454,4.0,4.000000000000001e-2,4.81482486096809e-35
2226,200,27,(cos(x))+(sin((x)+(x))),4.0e-2,4.2499910325804615,12.805210635312298,3.9826589595375723,4.0,4.000000000000001e-2,4.81482486096809e-35
2227,200,25,(cos(x))+(sin((x)+(x))),4.0e-2,5.883743158396053,15.320134397325683,3.902857142857143,4.0,4.000000000000001e-2,4.81482486096809e-35
2228,200,28,(cos(x))+(sin((x)+(x))),4.0e-2,6.604501565505337,19.188654464958773,3.9651162790697674,4.0,4.000000000000001e-2,4.81482486096809e-35
2229,200,21,(cos(x))+(sin((x)+(x))),4.0e-2,9.598218395960027,32.44366394697114,4.072625698324022,4.0,4.000000000000001e-2,4.81482486096809e-35
2230,200,28,(cos(x))+(sin((x)+(x))),4.0e-2,9.7559409555304,29.690226992425277,3.947674418604651,4.0,4.000000000000001e-2,4.81482486096809e-35
2231,200,25,(cos(x))+(sin((x)+(x))),4.0e-2,7.553797322253398,24.964557570988372,3.902857142857143,4.0,4.000000000000001e-2,4.81482486096809e-35
2232,200,27,(cos(x))+(sin((x)+(x))),4.0e-2,5.086553942639141,19.182940276818776,3.930635838150289,4.0,4.000000000000001e-2,4.81482486096809e-35
2233,200,28,(cos(x))+(sin((x)+(x))),4.0e-2,21.95686209540435,224.8231485283379,3.9302325581395348,4.0,4.000000000000001e-2,4.81482486096809e-35
2234,200,29,(cos(x))+(sin((x)+(x))),4.0e-2,17.26790202461943,137.24011983746908,3.9298245614035086,4.0,4.000000000000001e-2,4.81482486096809e-35
2235,200,25,(cos(x))+(sin((x)+(x))),4.0e-2,6.551647724628405,21.42379506919844,4.022857142857143,4.0,4.000000000000001e-2,4.81482486096809e-35
2236,200,25,(cos(x))+(sin((x)+(x))),4.0e-2,6.017333640783486,21.117356526773847,4.017142857142857,4.0,4.000000000000001e-2,4.81482486096809e-35
2237,200,22,(cos(x))+(sin((x)+(x))),4.0e-2,10.96039021109775,39.50001493843691,3.938202247191011,4.0,4.000000000000001e-2,4.81482486096809e-35
2238,200,28,(cos(x))+(sin((x)+(x))),4.0e-2,4.866472448514098,18.21956623719392,3.9651162790697674,4.0,4.000000000000001e-2,4.81482486096809e-35
2239,200,32,(cos(x))+(sin((x)+(x))),4.0e-2,3.780567277305445,12.897810791184897,3.9345238095238093,4.0,4.000000000000001e-2,4.81482486096809e-35
2240,200,27,(cos(x))+(sin((x)+(x))),4.0e-2,6.382340254951567,23.341081042294025,3.947976878612717,4.0,4.000000000000001e-2,4.81482486096809e-35
2241,200,29,(cos(x))+(sin((x)+(x))),4.0e-2,7.003210942997393,22.49076213969269,3.9298245614035086,4.0,4.000000000000001e-2,4.81482486096809e-35
2242,200,27,(cos(x))+(sin((x)+(x))),4.0e-2,7.185785356837304,22.127570267720134,3.8728323699421967,4.0,4.000000000000001e-2,4.81482486096809e-35
2243,200,26,(cos(x))+(sin((x)+(x))),4.0e-2,7.41288129480638,28.703421107318068,3.9022988505747125,4.0,4.000000000000001e-2,4.81482486096809e-35
2244,200,28,(cos(x))+(sin((x)+(x))),4.0e-2,4.641276602960556,13.187643764915203,3.9593023255813953,4.0,4.000000000000001e-2,4.81482486096809e-35
2245,200,31,(cos(x))+(sin((x)+(x))),4.0e-2,4.238134418155404,12.778530811933646,4.0,4.0,4.000000000000001e-2,4.81482486096809e-35
2246,200,28,(cos(x))+(sin((x)+(x))),4.0e-2,4.227392015046136,12.6535044057624,3.872093023255814,4.0,4.000000000000001e-2,4.81482486096809e-35
2247,200,32,(cos(x))+(sin((x)+(x))),4.0e-2,5.076617179789441,17.816587670023647,3.9523809523809526,4.0,4.000000000000001e-2,4.81482486096809e-35
2248,200,29,(cos(x))+(sin((x)+(x))),4.0e-2,6.141317467213837,26.169706050987273,3.8947368421052633,4.0,4.000000000000001e-2,4.81482486096809e-35
2249,200,27,(cos(x))+(sin((x)+(x))),4.0e-2,3.4043360144922232,10.402540507923394,3.9421965317919074,4.0,4.000000000000001e-2,4.81482486096809e-35
2250,200,26,(cos(x))+(sin((x)+(x))),4.0e-2,5.518333828171068,18.35272393579558,3.8620689655172415,4.0,4.000000000000001e-2,4.81482486096809e-35
2251,200,27,(cos(x))+(sin((x)+(x))),4.0e-2,7.526962046047678,26.510888976839613,3.8034682080924855,4.0,4.000000000000001e-2,4.81482486096809e-35
2252,200,28,(cos(x))+(sin((x)+(x))),4.0e-2,6.84788267514007,24.96328411841091,3.877906976744186,4.0,4.000000000000001e-2,4.81482486096809e-35
2253,200,29,(cos(x))+(sin((x)+(x))),4.0e-2,4.997126281661937,24.174472776784338,3.9005847953216373,4.0,4.000000000000001e-2,4.81482486096809e-35
2254,200,23,(cos(x))+(sin((x)+(x))),4.0e-2,12.523470628184333,37.72291875433426,3.8700564971751414,4.0,4.000000000000001e-2,4.81482486096809e-35
2255,200,31,(cos(x))+(sin((x)+(x))),4.0e-2,3.6283696957020997,11.329461616921105,3.9467455621301775,4.0,4.000000000000001e-2,4.81482486096809e-35
2256,200,24,(cos(x))+(sin((x)+(x))),4.0e-2,3.679586066735132,11.338865106706187,3.9318181818181817,4.0,4.000000000000001e-2,4.81482486096809e-35
2257,200,25,(cos(x))+(sin((x)+(x))),4.0e-2,5.935093985928812,18.927477317713457,3.9485714285714284,4.0,4.000000000000001e-2,4.81482486096809e-35
2258,200,26,(cos(x))+(sin((x)+(x))),4.0e-2,6.913791620560609,21.123649429097025,3.867816091954023,4.0,4.000000000000001e-2,4.81482486096809e-35
2259,200,32,(cos(x))+(sin((x)+(x))),4.0e-2,4.962516447143924,17.541396334418405,3.9464285714285716,4.0,4.000000000000001e-2,4.81482486096809e-35
2260,200,20,(cos(x))+(sin((x)+(x))),4.0e-2,6.984887132177189,20.209743308440252,3.966666666666667,4.0,4.000000000000001e-2,4.81482486096809e-35
2261,200,24,(cos(x))+(sin((x)+(x))),4.0e-2,6.100413574576765,18.456885719695084,3.9488636363636362,4.0,4.000000000000001e-2,4.81482486096809e-35
2262,200,28,(cos(x))+(sin((x)+(x))),4.0e-2,4.7851464212857415,19.87359804555586,3.895348837209302,4.0,4.000000000000001e-2,4.81482486096809e-35
2263,200,21,(cos(x))+(sin((x)+(x))),4.0e-2,6.05701417026453,18.081962640884107,3.9273743016759775,4.0,4.000000000000001e-2,4.81482486096809e-35
2264,200,32,(cos(x))+(sin((x)+(x))),4.0e-2,6.290408155489935,22.479763931204126,3.9642857142857144,4.0,4.000000000000001e-2,4.81482486096809e-35
2265,200,31,(cos(x))+(sin((x)+(x))),4.0e-2,6.891877345211684,24.204750815856162,3.93491124260355,4.0,4.000000000000001e-2,4.81482486096809e-35
2266,200,29,(cos(x))+(sin((x)+(x))),4.0e-2,3675.8521359589213,47839.82441132069,3.9707602339181287,4.0,4.000000000000001e-2,4.81482486096809e-35
2267,200,30,(cos(x))+(sin((x)+(x))),4.0e-2,7.983465347611033,44.0834964513107,3.9705882352941178,4.0,4.000000000000001e-2,4.81482486096809e-35
2268,200,24,(cos(x))+(sin((x)+(x))),4.0e-2,6.389403740606815,15.641489614860058,3.9261363636363638,4.0,4.000000000000001e-2,4.81482486096809e-35
2269,200,23,(cos(x))+(sin((x)+(x))),4.0e-2,6.103665785750997,20.032426350578817,3.9096045197740112,4.0,4.000000000000001e-2,4.81482486096809e-35
2270,200,26,(cos(x))+(sin((x)+(x))),4.0e-2,6.229717340458842,20.38954213711958,3.954022988505747,4.0,4.000000000000001e-2,4.81482486096809e-35
2271,200,27,(cos(x))+(sin((x)+(x))),4.0e-2,5.664477849874142,21.33238630458165,4.005780346820809,4.0,4.000000000000001e-2,4.81482486096809e-35
2272,200,27,(cos(x))+(sin((x)+(x))),4.0e-2,5.707538272136876,22.551502405718736,3.9653179190751446,4.0,4.000000000000001e-2,4.81482486096809e-35
2273,200,27,(cos(x))+(sin((x)+(x))),4.0e-2,9.174996934253219,46.26579939292545,3.913294797687861,4.0,4.000000000000001e-2,4.81482486096809e-35
2274,200,13,(cos(x))+(sin((x)+(x))),4.0e-2,14.301984233463921,77.9828096677112,3.8877005347593583,4.0,4.000000000000001e-2,4.81482486096809e-35
2275,200,22,(cos(x))+(sin((x)+(x))),4.0e-2,7.134270255917395,26.998808841990016,3.99438202247191,4.0,4.000000000000001e-2,4.81482486096809e-35
2276,200,30,(cos(x))+(sin((x)+(x))),4.0e-2,5.176045302568691,22.519429837755162,3.9235294117647057,4.0,4.000000000000001e-2,4.81482486096809e-35
2277,200,33,(cos(x))+(sin((x)+(x))),4.0e-2,5.459365179380078,15.970696678809908,3.940119760479042,4.0,4.000000000000001e-2,4.81482486096809e-35
2278,200,31,(cos(x))+(sin((x)+(x))),4.0e-2,6.2035786791727885,22.158698187810515,3.9289940828402368,4.0,4.000000000000001e-2,4.81482486096809e-35
2279,200,27,(cos(x))+(sin((x)+(x))),4.0e-2,7.32341480967209,25.432141482061414,3.959537572254335,4.0,4.000000000000001e-2,4.81482486096809e-35
2280,200,24,(cos(x))+(sin((x)+(x))),4.0e-2,18.12967952175921,155.4709011907175,4.017045454545454,4.0,4.000000000000001e-2,4.81482486096809e-35
2281,200,28,(cos(x))+(sin((x)+(x))),4.0e-2,4.178748008780967,14.342933059561076,4.046511627906977,4.0,4.000000000000001e-2,4.81482486096809e-35
2282,200,29,(cos(x))+(sin((x)+(x))),4.0e-2,5.09632377545601,14.457089599801625,3.9883040935672516,4.0,4.000000000000001e-2,4.81482486096809e-35
2283,200,23,(cos(x))+(sin((x)+(x))),4.0e-2,8.013450345302111,36.97922651643563,4.005649717514125,4.0,4.000000000000001e-2,4.81482486096809e-35
2284,200,28,(cos(x))+(sin((x)+(x))),4.0e-2,5.459428323104704,18.145210486481673,3.9244186046511627,4.0,4.000000000000001e-2,4.81482486096809e-35
2285,200,27,(cos(x))+(sin((x)+(x))),4.0e-2,7.347004654570999,26.293377846862526,3.9364161849710984,4.0,4.000000000000001e-2,4.81482486096809e-35
2286,200,26,(cos(x))+(sin((x)+(x))),4.0e-2,4.1599083366259695,13.385131098012957,3.971264367816092,4.0,4.000000000000001e-2,4.81482486096809e-35
2287,200,22,(cos(x))+(sin((x)+(x))),4.0e-2,17.404404830939516,138.14604235312206,3.960674157303371,4.0,4.000000000000001e-2,4.81482486096809e-35
2288,200,29,(cos(x))+(sin((x)+(x))),4.0e-2,5.081836460727475,15.650629033534615,3.9883040935672516,4.0,4.000000000000001e-2,4.81482486096809e-35
2289,200,28,(cos(x))+(sin((x)+(x))),4.0e-2,7.571589927781777,27.144397409240796,3.953488372093023,4.0,4.000000000000001e-2,4.81482486096809e-35
2290,200,32,(cos(x))+(sin((x)+(x))),4.0e-2,6.102394684179718,25.669113443397585,4.023809523809524,4.0,4.000000000000001e-2,4.81482486096809e-35
2291,200,23,(cos(x))+(sin((x)+(x))),4.0e-2,8.740459470191846,32.34805084345251,3.8757062146892656,4.0,4.000000000000001e-2,4.81482486096809e-35
2292,200,33,(cos(x))+(sin((x)+(x))),4.0e-2,5.480068460927516,22.51085829221374,4.083832335329341,4.0,4.000000000000001e-2,4.81482486096809e-35
2293,200,30,(cos(x))+(sin((x)+(x))),4.0e-2,4.646646427048958,14.533208097509341,3.929411764705882,4.0,4.000000000000001e-2,4.81482486096809e-35
2294,200,27,(cos(x))+(sin((x)+(x))),4.0e-2,25.289828732285084,233.81049682600633,3.947976878612717,4.0,4.000000000000001e-2,4.81482486096809e-35
2295,200,23,(cos(x))+(sin((x)+(x))),4.0e-2,6.383067132218829,24.901468852903378,3.9661016949152543,4.0,4.000000000000001e-2,4.81482486096809e-35
2296,200,21,(cos(x))+(sin((x)+(x))),4.0e-2,6.382618983142094,19.71590961743045,3.893854748603352,4.0,4.000000000000001e-2,4.81482486096809e-35
2297,200,27,(cos(x))+(sin((x)+(x))),4.0e-2,4.31926096300028,17.690250193253757,3.9653179190751446,4.0,4.000000000000001e-2,4.81482486096809e-35
2298,200,31,(cos(x))+(sin((x)+(x))),4.0e-2,7.993513578971539,29.904856761362282,4.005917159763314,4.0,4.000000000000001e-2,4.81482486096809e-35
2299,200,27,(cos(x))+(sin((x)+(x))),4.0e-2,6.465306329552227,27.45004867967647,3.930635838150289,4.0,4.000000000000001e-2,4.81482486096809e-35
2300,200,32,(cos(x))+(sin((x)+(x))),4.0e-2,3.944657001884297,14.045702897541235,3.9523809523809526,4.0,4.000000000000001e-2,4.81482486096809e-35
2301,200,25,(cos(x))+(sin((x)+(x))),4.0e-2,7.901098584528118,26.718491781768726,3.994285714285714,4.0,4.000000000000001e-2,4.81482486096809e-35
2302,200,28,(cos(x))+(sin((x)+(x))),4.0e-2,11.689341204094388,70.04492673853377,3.88953488372093,4.0,4.000000000000001e-2,4.81482486096809e-35
2303,200,23,(cos(x))+(sin((x)+(x))),4.0e-2,7.097775705252116,22.455341130873364,3.8813559322033897,4.0,4.000000000000001e-2,4.81482486096809e-35
2304,200,23,(cos(x))+(sin((x)+(x))),4.0e-2,8.024357151017727,26.150121061261398,3.92090395480226,4.0,4.000000000000001e-2,4.81482486096809e-35
2305,200,25,(cos(x))+(sin((x)+(x))),4.0e-2,4.981231322348378,14.907925133044348,4.034285714285715,4.0,4.000000000000001e-2,4.81482486096809e-35
2306,200,31,(cos(x))+(sin((x)+(x))),4.0e-2,3.800324008568624,12.65970386428724,3.970414201183432,4.0,4.000000000000001e-2,4.81482486096809e-35
2307,200,25,(cos(x))+(sin((x)+(x))),4.0e-2,5.584604890041629,14.316720514929228,3.8457142857142856,4.0,4.000000000000001e-2,4.81482486096809e-35
2308,200,21,(cos(x))+(sin((x)+(x))),4.0e-2,11.94171547176626,44.416560252423395,3.9329608938547485,4.0,4.000000000000001e-2,4.81482486096809e-35
2309,200,31,(cos(x))+(sin((x)+(x))),4.0e-2,5.149963180736967,20.73799594471861,4.041420118343195,4.0,4.000000000000001e-2,4.81482486096809e-35
2310,200,24,(cos(x))+(sin((x)+(x))),4.0e-2,6.020885669619122,14.975940056776311,3.914772727272727,4.0,4.000000000000001e-2,4.81482486096809e-35
2311,200,30,(cos(x))+(sin((x)+(x))),4.0e-2,8.709098798347942,29.420404064026865,3.929411764705882,4.0,4.000000000000001e-2,4.81482486096809e-35
2312,200,28,(cos(x))+(sin((x)+(x))),4.0e-2,4.130426351642634,12.60534409080713,3.872093023255814,4.0,4.000000000000001e-2,4.81482486096809e-35
2313,200,24,(cos(x))+(sin((x)+(x))),4.0e-2,7.297079906985789,27.661543280964914,3.965909090909091,4.0,4.000000000000001e-2,4.81482486096809e-35
2314,200,27,(cos(x))+(sin((x)+(x))),4.0e-2,5.452261479510926,19.120068473222343,3.8959537572254335,4.0,4.000000000000001e-2,4.81482486096809e-35
2315,200,29,(cos(x))+(sin((x)+(x))),4.0e-2,5.403972926271119,17.383315728277736,3.8771929824561404,4.0,4.000000000000001e-2,4.81482486096809e-35
2316,200,21,(cos(x))+(sin((x)+(x))),4.0e-2,7.206178639597085,22.478908114871572,3.9385474860335195,4.0,4.000000000000001e-2,4.81482486096809e-35
2317,200,24,(cos(x))+(sin((x)+(x))),4.0e-2,11.052688430300636,64.58426819620426,3.965909090909091,4.0,4.000000000000001e-2,4.81482486096809e-35
2318,200,27,(cos(x))+(sin((x)+(x))),4.0e-2,7.707082811696642,26.99403040684867,4.0,4.0,4.000000000000001e-2,4.81482486096809e-35
2319,200,25,(cos(x))+(sin((x)+(x))),4.0e-2,8.071034586113436,23.061662789673225,3.8514285714285714,4.0,4.000000000000001e-2,4.81482486096809e-35
2320,200,26,(cos(x))+(sin((x)+(x))),4.0e-2,5.632296834205845,18.786467850342998,3.9770114942528734,4.0,4.000000000000001e-2,4.81482486096809e-35
2321,200,25,(cos(x))+(sin((x)+(x))),4.0e-2,4.705401117165866,12.639882625605278,3.914285714285714,4.0,4.000000000000001e-2,4.81482486096809e-35
2322,200,33,(cos(x))+(sin((x)+(x))),4.0e-2,5.5134836330847365,20.651032499228112,3.92814371257485,4.0,4.000000000000001e-2,4.81482486096809e-35
2323,200,27,(cos(x))+(sin((x)+(x))),4.0e-2,5.58056463866875,15.728702774598002,3.9248554913294798,4.0,4.000000000000001e-2,4.81482486096809e-35
2324,200,30,(cos(x))+(sin((x)+(x))),4.0e-2,3.816461154572719,12.162486112263844,3.9705882352941178,4.0,4.000000000000001e-2,4.81482486096809e-35
2325,200,28,(cos(x))+(sin((x)+(x))),4.0e-2,5.780011135471846,17.22619505726084,3.872093023255814,4.0,4.000000000000001e-2,4.81482486096809e-35
2326,200,34,(cos(x))+(sin((x)+(x))),4.0e-2,4.387216122642161,13.164004683887939,3.9036144578313254,4.0,4.000000000000001e-2,4.81482486096809e-35
2327,200,24,(cos(x))+(sin((x)+(x))),4.0e-2,6.633206799779603,22.12771012935024,3.909090909090909,4.0,4.000000000000001e-2,4.81482486096809e-35
2328,200,30,(cos(x))+(sin((x)+(x))),4.0e-2,5.786269199629737,15.192943249973359,3.8529411764705883,4.0,4.000000000000001e-2,4.81482486096809e-35
2329,200,23,(cos(x))+(sin((x)+(x))),4.0e-2,5.473413698993961,19.162823198272296,3.903954802259887,4.0,4.000000000000001e-2,4.81482486096809e-35
2330,200,24,(cos(x))+(sin((x)+(x))),4.0e-2,13.60875424784149,47.112853090242304,3.9545454545454546,4.0,4.000000000000001e-2,4.81482486096809e-35
2331,200,24,(cos(x))+(sin((x)+(x))),4.0e-2,7.141188367472592,22.942125014005462,4.034090909090909,4.0,4.000000000000001e-2,4.81482486096809e-35
2332,200,27,(cos(x))+(sin((x)+(x))),4.0e-2,6.243385792075851,17.852072858436383,3.9421965317919074,4.0,4.000000000000001e-2,4.81482486096809e-35
2333,200,28,(cos(x))+(sin((x)+(x))),4.0e-2,1536.4309101183158,20009.875249615194,3.9767441860465116,4.0,4.000000000000001e-2,4.81482486096809e-35
2334,200,29,(cos(x))+(sin((x)+(x))),4.0e-2,4.976856684443714,16.688371444662373,4.0,4.0,4.000000000000001e-2,4.81482486096809e-35
2335,200,23,(cos(x))+(sin((x)+(x))),4.0e-2,8.114956685764016,39.83104863229999,3.994350282485876,4.0,4.000000000000001e-2,4.81482486096809e-35
2336,200,23,(cos(x))+(sin((x)+(x))),4.0e-2,5.307833209581543,17.300985666036567,3.9661016949152543,4.0,4.000000000000001e-2,4.81482486096809e-35
2337,200,30,(cos(x))+(sin((x)+(x))),4.0e-2,4.641288739799985,18.043981211121338,4.035294117647059,4.0,4.000000000000001e-2,4.81482486096809e-35
2338,200,25,(cos(x))+(sin((x)+(x))),4.0e-2,6.792780158596948,21.712354414117446,4.022857142857143,4.0,4.000000000000001e-2,4.81482486096809e-35
2339,200,26,(cos(x))+(sin((x)+(x))),4.0e-2,6.075905283611378,18.265833306650332,3.8448275862068964,4.0,4.000000000000001e-2,4.81482486096809e-35
2340,200,32,(cos(x))+(sin((x)+(x))),4.0e-2,6.450574624408137,26.76147861793322,3.994047619047619,4.0,4.000000000000001e-2,4.81482486096809e-35
2341,200,25,(cos(x))+(sin((x)+(x))),4.0e-2,8.459505833855381,29.077910764828484,3.9828571428571427,4.0,4.000000000000001e-2,4.81482486096809e-35
2342,200,24,(cos(x))+(sin((x)+(x))),4.0e-2,5.482455665496492,14.164922131266966,4.034090909090909,4.0,4.000000000000001e-2,4.81482486096809e-35
2343,200,28,(cos(x))+(sin((x)+(x))),4.0e-2,4.005075323417906,11.863955355325588,3.994186046511628,4.0,4.000000000000001e-2,4.81482486096809e-35
2344,200,24,(cos(x))+(sin((x)+(x))),4.0e-2,7.942236756818514,29.20426811035272,4.0,4.0,4.000000000000001e-2,4.81482486096809e-35
2345,200,27,(cos(x))+(sin((x)+(x))),4.0e-2,7.00329912879582,26.038644696501244,3.913294797687861,4.0,4.000000000000001e-2,4.81482486096809e-35
2346,200,24,(cos(x))+(sin((x)+(x))),4.0e-2,5.169870610573231,19.535172715307276,3.9204545454545454,4.0,4.000000000000001e-2,4.81482486096809e-35
2347,200,28,(cos(x))+(sin((x)+(x))),4.0e-2,3.4325022661152627,11.242380381018636,3.9651162790697674,4.0,4.000000000000001e-2,4.81482486096809e-35
2348,200,23,(cos(x))+(sin((x)+(x))),4.0e-2,6.673452223741614,24.95997388850932,3.92090395480226,4.0,4.000000000000001e-2,4.81482486096809e-35
2349,200,22,(cos(x))+(sin((x)+(x))),4.0e-2,5.392114517197033,17.765339654528436,3.932584269662921,4.0,4.000000000000001e-2,4.81482486096809e-35
2350,200,30,(cos(x))+(sin((x)+(x))),4.0e-2,5.429998959742262,17.68019076980549,4.011764705882353,4.0,4.000000000000001e-2,4.81482486096809e-35
2351,200,27,(cos(x))+(sin((x)+(x))),4.0e-2,8.023962590845315,30.13689901433001,3.9826589595375723,4.0,4.000000000000001e-2,4.81482486096809e-35
2352,200,25,(cos(x))+(sin((x)+(x))),4.0e-2,5.404974347278938,19.947515393231782,4.0,4.0,4.000000000000001e-2,4.81482486096809e-35
2353,200,31,(cos(x))+(sin((x)+(x))),4.0e-2,3.895513268245368,12.657700489023997,4.017751479289941,4.0,4.000000000000001e-2,4.81482486096809e-35
2354,200,28,(cos(x))+(sin((x)+(x))),4.0e-2,3.6916680429435274,12.40779987457682,3.866279069767442,4.0,4.000000000000001e-2,4.81482486096809e-35
2355,200,28,(cos(x))+(sin((x)+(x))),4.0e-2,5.777766318945239,20.159991787899962,3.883720930232558,4.0,4.000000000000001e-2,4.81482486096809e-35
2356,200,29,(cos(x))+(sin((x)+(x))),4.0e-2,6.4934328309257685,23.472853909201728,3.953216374269006,4.0,4.000000000000001e-2,4.81482486096809e-35
2357,200,31,(cos(x))+(sin((x)+(x))),4.0e-2,4.879339279847398,18.951078180490097,4.0,4.0,4.000000000000001e-2,4.81482486096809e-35
2358,200,26,(cos(x))+(sin((x)+(x))),4.0e-2,8.632828072340047,40.00566523563384,3.9367816091954024,4.0,4.000000000000001e-2,4.81482486096809e-35
2359,200,24,(cos(x))+(sin((x)+(x))),4.0e-2,6.907130257589666,23.96970277339515,3.8863636363636362,4.0,4.000000000000001e-2,4.81482486096809e-35
2360,200,28,(cos(x))+(sin((x)+(x))),4.0e-2,3.809228485965583,10.801724192829443,4.046511627906977,4.0,4.000000000000001e-2,4.81482486096809e-35
2361,200,25,(cos(x))+(sin((x)+(x))),4.0e-2,8.813271707283702,32.46527301323532,3.96,4.0,4.000000000000001e-2,4.81482486096809e-35
2362,200,22,(cos(x))+(sin((x)+(x))),4.0e-2,5.238739727288416,16.007129258110286,3.9269662921348316,4.0,4.000000000000001e-2,4.81482486096809e-35
2363,200,19,(cos(x))+(sin((x)+(x))),4.0e-2,6.168850177572055,20.557125469481715,3.9613259668508287,4.0,4.000000000000001e-2,4.81482486096809e-35
2364,200,24,(cos(x))+(sin((x)+(x))),4.0e-2,1501.3108410844798,19782.513797809035,4.0227272727272725,4.0,4.000000000000001e-2,4.81482486096809e-35
2365,200,21,(cos(x))+(sin((x)+(x))),4.0e-2,6.703400958771081,16.419231718456285,3.782122905027933,4.0,4.000000000000001e-2,4.81482486096809e-35
2366,200,27,(cos(x))+(sin((x)+(x))),4.0e-2,6.217586638290301,23.699639412498804,3.953757225433526,4.0,4.000000000000001e-2,4.81482486096809e-35
2367,200,24,(cos(x))+(sin((x)+(x))),4.0e-2,5.170205240981159,17.026723413765705,3.960227272727273,4.0,4.000000000000001e-2,4.81482486096809e-35
2368,200,23,(cos(-(x)))+(sin((x)+(x))),4.0e-2,10.7136938660142,50.96250506679989,3.9548022598870056,4.0,4.000000000000001e-2,4.81482486096809e-35
2369,200,28,(cos(x))+(sin((x)+(x))),4.0e-2,5.417247095396451,18.42015947395796,3.947674418604651,4.0,4.000000000000001e-2,4.81482486096809e-35
2370,200,28,(cos(x))+(sin((x)+(x))),4.0e-2,5.017271779267745,21.49246943243591,4.034883720930233,4.0,4.000000000000001e-2,4.81482486096809e-35
2371,200,27,(cos(x))+(sin((x)+(x))),4.0e-2,6.547023075798371,24.050809529334764,3.9248554913294798,4.0,4.000000000000001e-2,4.81482486096809e-35
2372,200,32,(cos(x))+(sin((x)+(x))),4.0e-2,5.244301842732334,18.315322213352555,4.023809523809524,4.0,4.000000000000001e-2,4.81482486096809e-35
2373,200,31,(cos(x))+(sin((x)+(x))),4.0e-2,9.367596777414912,37.31709371005555,3.8461538461538463,4.0,4.000000000000001e-2,4.81482486096809e-35
2374,200,26,(cos(x))+(sin((x)+(x))),4.0e-2,6.101933336094751,19.676889568333277,4.0,4.0,4.000000000000001e-2,4.81482486096809e-35
2375,200,25,(cos(x))+(sin((x)+(x))),4.0e-2,25.204162123634042,231.64588324329642,3.8685714285714288,4.0,4.000000000000001e-2,4.81482486096809e-35
2376,200,30,(cos(x))+(sin((x)+(x))),4.0e-2,5.435895310692816,17.14106275285678,3.988235294117647,4.0,4.000000000000001e-2,4.81482486096809e-35
2377,200,30,(cos(x))+(sin((x)+(x))),4.0e-2,210.4925997136039,2660.4890010663034,4.08235294117647,4.0,4.000000000000001e-2,4.81482486096809e-35
2378,200,18,(cos(x))+(sin((x)+(x))),4.0e-2,7.06508168667523,19.916823362938985,3.9450549450549453,4.0,4.000000000000001e-2,4.81482486096809e-35
2379,200,21,(cos(x))+(sin((x)+(x))),4.0e-2,9.981057184228568,37.64992410109501,3.88268156424581,4.0,4.000000000000001e-2,4.81482486096809e-35
2380,200,29,(cos(-(x)))+(sin((x)+(x))),4.0e-2,4.956607844659984,20.325768846806426,4.128654970760234,4.0,4.000000000000001e-2,4.81482486096809e-35
2381,200,24,(cos(x))+(sin((x)+(x))),4.0e-2,6.43227161101392,18.197456936721704,3.977272727272727,4.0,4.000000000000001e-2,4.81482486096809e-35
2382,200,23,(cos(-(x)))+(sin((x)+(x))),4.0e-2,10.651066328821187,45.418626002085325,3.937853107344633,4.0,4.000000000000001e-2,4.81482486096809e-35
2383,200,24,(cos(x))+(sin((x)+(x))),4.0e-2,6.5681973652985315,21.541086221578162,3.9545454545454546,4.0,4.000000000000001e-2,4.81482486096809e-35
2384,200,20,(cos(x))+(sin((x)+(x))),4.0e-2,7.511854622750368,22.67337748116847,3.9277777777777776,4.0,4.000000000000001e-2,4.81482486096809e-35
2385,200,31,(cos(-(x)))+(sin((x)+(x))),4.0e-2,4.119608473959145,13.014899500969564,3.923076923076923,4.0,4.000000000000001e-2,4.81482486096809e-35
2386,200,27,(cos(x))+(sin((x)+(x))),4.0e-2,5.333564609260418,17.435663563423102,4.005780346820809,4.0,4.000000000000001e-2,4.81482486096809e-35
2387,200,28,(cos(x))+(sin((x)+(x))),4.0e-2,3.7791102170637303,11.209753667551183,4.011627906976744,4.0,4.000000000000001e-2,4.81482486096809e-35
2388,200,24,(cos(x))+(sin((x)+(x))),4.0e-2,8.07369692491086,23.548372931130935,3.914772727272727,4.0,4.000000000000001e-2,4.81482486096809e-35
2389,200,24,(cos(x))+(sin((x)+(x))),4.0e-2,10.238890493430311,27.4139113252797,3.9488636363636362,4.0,4.000000000000001e-2,4.81482486096809e-35
2390,200,28,(cos(x))+(sin((x)+(x))),4.0e-2,6.952307955920616,25.450730547546723,4.046511627906977,4.0,4.000000000000001e-2,4.81482486096809e-35
2391,200,25,(cos(-(x)))+(sin((x)+(x))),4.0e-2,11.383881601046935,48.13378064481512,4.022857142857143,4.0,4.000000000000001e-2,4.81482486096809e-35
2392,200,26,(cos(x))+(sin((x)+(x))),4.0e-2,5.014096123973514,17.5982058900753,3.9597701149425286,4.0,4.000000000000001e-2,4.81482486096809e-35
2393,200,19,(cos(x))+(sin((x)+(x))),4.0e-2,9.141676824082193,28.746333868051224,3.9060773480662982,4.0,4.000000000000001e-2,4.81482486096809e-35
2394,200,24,(cos(x))+(sin((x)+(x))),4.0e-2,5.324159866770806,16.510343829572818,3.9943181818181817,4.0,4.000000000000001e-2,4.81482486096809e-35
2395,200,25,(cos(x))+(sin((x)+(x))),4.0e-2,5.857763562223759,18.26279422297139,4.011428571428572,4.0,4.000000000000001e-2,4.81482486096809e-35
2396,200,20,(cos(x))+(sin((x)+(x))),4.0e-2,9.42945541318746,31.664567871977432,3.861111111111111,4.0,4.000000000000001e-2,4.81482486096809e-35
2397,200,31,(cos(-(x)))+(sin((x)+(x))),4.0e-2,3.749813767990607,12.224853949542988,3.9940828402366866,4.0,4.000000000000001e-2,4.81482486096809e-35
2398,200,27,(cos(x))+(sin((x)+(x))),4.0e-2,7.868979410097636,46.880812788057476,3.9653179190751446,4.0,4.000000000000001e-2,4.81482486096809e-35
2399,200,26,(cos(x))+(sin((x)+(x))),4.0e-2,5.875980284687968,23.284702709500852,3.954022988505747,4.0,4.000000000000001e-2,4.81482486096809e-35
2400,200,23,(cos(x))+(sin((x)+(x))),4.0e-2,7.5495204258462,23.73721606378873,3.903954802259887,4.0,4.000000000000001e-2,4.81482486096809e-35
2401,200,28,(cos(x))+(sin((x)+(x))),4.0e-2,8.674612970444286,44.17471577477825,3.947674418604651,4.0,4.000000000000001e-2,4.81482486096809e-35
2402,200,28,(cos(x))+(sin((x)+(x))),4.0e-2,4.945756136843979,17.76465949047325,3.9186046511627906,4.0,4.000000000000001e-2,4.81482486096809e-35
2403,200,25,(cos(x))+(sin((x)+(x))),4.0e-2,25.774924050206746,231.66443735101373,3.9371428571428573,4.0,4.000000000000001e-2,4.81482486096809e-35
2404,200,33,(cos(x))+(sin((x)+(x))),4.0e-2,6.737448882193713,22.116491857980524,3.934131736526946,4.0,4.000000000000001e-2,4.81482486096809e-35
2405,200,29,(cos(x))+(sin((x)+(x))),4.0e-2,6.90785986754212,27.866530639522125,3.9649122807017543,4.0,4.000000000000001e-2,4.81482486096809e-35
2406,200,27,(cos(x))+(sin((x)+(x))),4.0e-2,5.83766376425531,19.812997866586,4.005780346820809,4.0,4.000000000000001e-2,4.81482486096809e-35
2407,200,29,(cos(x))+(sin((x)+(x))),4.0e-2,22.90451579785896,234.59859047088693,3.9590643274853803,4.0,4.000000000000001e-2,4.81482486096809e-35
2408,200,32,(cos(x))+(sin((x)+(x))),4.0e-2,4.171672697619492,12.664852027854023,3.994047619047619,4.0,4.000000000000001e-2,4.81482486096809e-35
2409,200,21,(cos(-(x)))+(sin((x)+(x))),4.0e-2,5.744155099642125,15.008023373174325,3.8379888268156424,4.0,4.000000000000001e-2,4.81482486096809e-35
2410,200,25,(cos(-(x)))+(sin((x)+(x))),4.0e-2,8.795307700695075,62.88773576903613,3.9314285714285715,4.0,4.000000000000001e-2,4.81482486096809e-35
2411,200,26,(cos(x))+(sin((x)+(x))),4.0e-2,5.940456712849581,22.94903460970833,3.913793103448276,4.0,4.000000000000001e-2,4.81482486096809e-35
2412,200,31,(cos(-(x)))+(sin((x)+(x))),4.0e-2,4.355212451958981,11.955394110494327,4.035502958579881,4.0,4.000000000000001e-2,4.81482486096809e-35
2413,200,30,(cos(x))+(sin((x)+(x))),4.0e-2,4.859514212739096,17.551808649311273,3.9352941176470586,4.0,4.000000000000001e-2,4.81482486096809e-35
2414,200,25,(cos(x))+(sin((x)+(x))),4.0e-2,6.311878221345627,28.839230337417014,3.902857142857143,4.0,4.000000000000001e-2,4.81482486096809e-35
2415,200,23,(cos(x))+(sin((x)+(x))),4.0e-2,6.570028329853145,21.16996225471977,3.9604519774011298,4.0,4.000000000000001e-2,4.81482486096809e-35
2416,200,25,(cos(x))+(sin((x)+(x))),4.0e-2,7.368981506721566,24.23344614728173,3.9314285714285715,4.0,4.000000000000001e-2,4.81482486096809e-35
2417,200,28,(cos(x))+(sin((x)+(x))),4.0e-2,4.856224641285182,14.207296493339534,3.953488372093023,4.0,4.000000000000001e-2,4.81482486096809e-35
2418,200,23,(cos(x))+(sin((x)+(x))),4.0e-2,4.596205931029021,13.964863428010984,3.9717514124293785,4.0,4.000000000000001e-2,4.81482486096809e-35
2419,200,30,(cos(x))+(sin((x)+(x))),4.0e-2,4.227545325616535,16.147245444902964,4.029411764705882,4.0,4.000000000000001e-2,4.81482486096809e-35
2420,200,24,(cos(x))+(sin((x)+(x))),4.0e-2,7.840058148810592,36.23442878421663,3.8636363636363638,4.0,4.000000000000001e-2,4.81482486096809e-35
2421,200,26,(cos(x))+(sin((x)+(x))),4.0e-2,5.979180603397412,31.498687207708706,4.045977011494253,4.0,4.000000000000001e-2,4.81482486096809e-35
2422,200,27,(cos(-(x)))+(sin((x)+(x))),4.0e-2,4.410170094046771,17.373251606466102,3.9364161849710984,4.0,4.000000000000001e-2,4.81482486096809e-35
2423,200,27,(cos(x))+(sin((x)+(x))),4.0e-2,8.040656457521266,31.40081081642485,3.9421965317919074,4.0,4.000000000000001e-2,4.81482486096809e-35
2424,200,31,(cos(-(x)))+(sin((x)+(x))),4.0e-2,6.7404218414192885,24.635411516516477,3.9289940828402368,4.0,4.000000000000001e-2,4.81482486096809e-35
2425,200,23,(cos(-(x)))+(sin((x)+(x))),4.0e-2,6.780056659580266,19.057138343525533,3.8757062146892656,4.0,4.000000000000001e-2,4.81482486096809e-35
2426,200,27,(cos(x))+(sin((x)+(x))),4.0e-2,4.926184388066583,15.72429567143712,3.9364161849710984,4.0,4.000000000000001e-2,4.81482486096809e-35
2427,200,25,(cos(-(x)))+(sin((x)+(x))),4.0e-2,6.0984963885145405,21.951912297524235,3.96,4.0,4.000000000000001e-2,4.81482486096809e-35
2428,200,24,(cos(-(x)))+(sin((x)+(x))),4.0e-2,4.204120263766331,13.376795171343204,4.068181818181818,4.0,4.000000000000001e-2,4.81482486096809e-35
2429,200,34,(cos(x))+(sin((x)+(x))),4.0e-2,5.314844893113226,18.532799799518504,3.9397590361445785,4.0,4.000000000000001e-2,4.81482486096809e-35
2430,200,31,(cos(x))+(sin((x)+(x))),4.0e-2,3.9070415797563176,16.282056903922758,3.9940828402366866,4.0,4.000000000000001e-2,4.81482486096809e-35
2431,200,30,(cos(-(x)))+(sin((x)+(x))),4.0e-2,5.427671518093686,14.587051526135616,3.888235294117647,4.0,4.000000000000001e-2,4.81482486096809e-35
2432,200,30,(cos(-(x)))+(sin((x)+(x))),4.0e-2,4.454365518415938,17.023552820531975,3.888235294117647,4.0,4.000000000000001e-2,4.81482486096809e-35
2433,200,26,(cos(x))+(sin((x)+(x))),4.0e-2,5.775059696126755,21.5572159648506,3.9770114942528734,4.0,4.000000000000001e-2,4.81482486096809e-35
2434,200,30,(cos(-(x)))+(sin((x)+(x))),4.0e-2,4.129547380555252,14.051225659019373,3.976470588235294,4.0,4.000000000000001e-2,4.81482486096809e-35
2435,200,21,(cos(x))+(sin((x)+(x))),4.0e-2,8.422552315295048,27.735475041061445,3.9720670391061454,4.0,4.000000000000001e-2,4.81482486096809e-35
2436,200,24,(cos(x))+(sin((x)+(x))),4.0e-2,8.270839739829817,25.59391655902437,3.9261363636363638,4.0,4.000000000000001e-2,4.81482486096809e-35
2437,200,28,(cos(-(x)))+(sin((x)+(x))),4.0e-2,6.7657803759362425,36.6554610003461,4.040697674418604,4.0,4.000000000000001e-2,4.81482486096809e-35
2438,200,34,(cos(x))+(sin((x)+(x))),4.0e-2,2.528861807162489,9.624019066496798,4.024096385542169,4.0,4.000000000000001e-2,4.81482486096809e-35
2439,200,28,(cos(-(x)))+(sin((x)+(x))),4.0e-2,6.007508637508662,18.866162794558793,3.88953488372093,4.0,4.000000000000001e-2,4.81482486096809e-35
2440,200,26,(cos(x))+(sin((x)+(x))),4.0e-2,7.156795986827059,24.970528503462152,3.9885057471264367,4.0,4.000000000000001e-2,4.81482486096809e-35
2441,200,32,(cos(-(x)))+(sin((x)+(x))),4.0e-2,6.102286781276103,19.60474663898572,3.9523809523809526,4.0,4.000000000000001e-2,4.81482486096809e-35
2442,200,21,(cos(-(x)))+(sin((x)+(x))),4.0e-2,6.692734440112053,19.20428063511227,4.044692737430168,4.0,4.000000000000001e-2,4.81482486096809e-35
2443,200,32,(cos(x))+(sin((x)+(x))),4.0e-2,4.986268127842433,17.94847170186183,3.9464285714285716,4.0,4.000000000000001e-2,4.81482486096809e-35
2444,200,26,(cos(x))+(sin((x)+(x))),4.0e-2,4.153343954778904,14.311090031194318,4.011494252873563,4.0,4.000000000000001e-2,4.81482486096809e-35
2445,200,29,(cos(x))+(sin((x)+(x))),4.0e-2,6.197294981327195,22.844028258132592,4.0,4.0,4.000000000000001e-2,4.81482486096809e-35
2446,200,29,(cos(-(x)))+(sin((x)+(x))),4.0e-2,4.2787863935002655,20.23125455760156,3.953216374269006,4.0,4.000000000000001e-2,4.81482486096809e-35
2447,200,25,(cos(x))+(sin((x)+(x))),4.0e-2,6.274631279803099,22.94150782774199,3.9885714285714284,4.0,4.000000000000001e-2,4.81482486096809e-35
2448,200,21,(cos(-(x)))+(sin((x)+(x))),4.0e-2,7.991835062711625,28.135995206152035,3.8715083798882683,4.0,4.000000000000001e-2,4.81482486096809e-35
2449,200,23,(cos(-(x)))+(sin((x)+(x))),4.0e-2,6.471116365535041,25.32687223345665,3.9661016949152543,4.0,4.000000000000001e-2,4.81482486096809e-35
2450,200,28,(cos(x))+(sin((x)+(x))),4.0e-2,6.358906027096988,24.42383453580196,4.02906976744186,4.0,4.000000000000001e-2,4.81482486096809e-35
2451,200,26,(cos(x))+(sin((x)+(x))),4.0e-2,8.733478183430666,31.15788141265361,4.028735632183908,4.0,4.000000000000001e-2,4.81482486096809e-35
2452,200,27,(cos(x))+(sin((x)+(x))),4.0e-2,5.887077332369497,27.505437857201237,3.9826589595375723,4.0,4.000000000000001e-2,4.81482486096809e-35
2453,200,33,(cos(x))+(sin((x)+(x))),4.0e-2,6.224726721636035,19.627111360369607,3.8922155688622753,4.0,4.000000000000001e-2,4.81482486096809e-35
2454,200,32,(cos(-(x)))+(sin((x)+(x))),4.0e-2,6.2568461035074945,22.057108177115293,4.023809523809524,4.0,4.000000000000001e-2,4.81482486096809e-35
2455,200,30,(cos(x))+(sin((x)+(x))),4.0e-2,5.28357913515911,33.39367456616227,4.0,4.0,4.000000000000001e-2,4.81482486096809e-35
2456,200,30,(cos(x))+(sin((x)+(x))),4.0e-2,7.685362326429474,29.61297554475944,3.9058823529411764,4.0,4.000000000000001e-2,4.81482486096809e-35
2457,200,31,(cos(x))+(sin((x)+(x))),4.0e-2,3.8316518541961213,15.78081138613386,4.023668639053255,4.0,4.000000000000001e-2,4.81482486096809e-35
2458,200,21,(cos(x))+(sin((x)+(x))),4.0e-2,8.327940130258222,28.641791827773883,3.888268156424581,4.0,4.000000000000001e-2,4.81482486096809e-35
2459,200,29,(cos(x))+(sin((x)+(x))),4.0e-2,9.714743556165752,38.366967962202374,3.982456140350877,4.0,4.000000000000001e-2,4.81482486096809e-35
2460,200,28,(cos(x))+(sin((x)+(x))),4.0e-2,7.673571576299065,25.370060872775362,3.9709302325581395,4.0,4.000000000000001e-2,4.81482486096809e-35
2461,200,27,(cos(x))+(sin((x)+(x))),4.0e-2,5.685280235097654,19.03403077749163,3.9190751445086707,4.0,4.000000000000001e-2,4.81482486096809e-35
2462,200,28,(cos(x))+(sin((x)+(x))),4.0e-2,5.677502348397684,26.437160575168278,3.953488372093023,4.0,4.000000000000001e-2,4.81482486096809e-35
2463,200,22,(cos(x))+(sin((x)+(x))),4.0e-2,7.5756370487514495,26.231301457804474,3.893258426966292,4.0,4.000000000000001e-2,4.81482486096809e-35
2464,200,24,(cos(x))+(sin((x)+(x))),4.0e-2,5.299902935010613,15.056045583493562,3.914772727272727,4.0,4.000000000000001e-2,4.81482486096809e-35
2465,200,27,(cos(x))+(sin((x)+(x))),4.0e-2,6.62941633727364,23.281374531143914,3.947976878612717,4.0,4.000000000000001e-2,4.81482486096809e-35
2466,200,27,(cos(-(x)))+(sin((x)+(x))),4.0e-2,11.625240459296311,54.45840546000852,3.8959537572254335,4.0,4.000000000000001e-2,4.81482486096809e-35
2467,200,22,(cos(x))+(sin((x)+(x))),4.0e-2,6.972882126669837,19.631097706128195,3.848314606741573,4.0,4.000000000000001e-2,4.81482486096809e-35
2468,200,20,(cos(-(x)))+(sin((x)+(x))),4.0e-2,6.489872159664204,17.55915864642082,3.9166666666666665,4.0,4.000000000000001e-2,4.81482486096809e-35
2469,200,23,(cos(x))+(sin((x)+(x))),4.0e-2,6.768745562145897,20.541765076113705,3.9152542372881354,4.0,4.000000000000001e-2,4.81482486096809e-35
2470,200,29,(cos(x))+(sin((x)+(x))),4.0e-2,5.06339546313889,17.692131852940538,3.91812865497076,4.0,4.000000000000001e-2,4.81482486096809e-35
2471,200,24,(cos(x))+(sin((x)+(x))),4.0e-2,6.478535626945479,18.80487623834778,3.875,4.0,4.000000000000001e-2,4.81482486096809e-35
2472,200,35,(cos(x))+(sin((x)+(x))),4.0e-2,4.686125713983344,12.95810035764257,3.896969696969697,4.0,4.000000000000001e-2,4.81482486096809e-35
2473,200,33,(cos(x))+(sin((x)+(x))),4.0e-2,23.750811185390805,236.25218913530009,3.9820359281437128,4.0,4.000000000000001e-2,4.81482486096809e-35
2474,200,28,(cos(-(x)))+(sin((x)+(x))),4.0e-2,4.426878886753417,13.590381416999126,3.9069767441860463,4.0,4.000000000000001e-2,4.81482486096809e-35
2475,200,29,(cos(x))+(sin((x)+(x))),4.0e-2,4.96228010651844,19.48249017176726,4.0701754385964914,4.0,4.000000000000001e-2,4.81482486096809e-35
2476,200,33,(cos(x))+(sin((x)+(x))),4.0e-2,6.516002492005971,25.90175559751805,3.9760479041916166,4.0,4.000000000000001e-2,4.81482486096809e-35
2477,200,28,(cos(x))+(sin((x)+(x))),4.0e-2,6.108106305191661,21.61565036447739,3.947674418604651,4.0,4.000000000000001e-2,4.81482486096809e-35
2478,200,33,(cos(x))+(sin((x)+(x))),4.0e-2,57.27370314080447,662.3424466103475,3.874251497005988,4.0,4.000000000000001e-2,4.81482486096809e-35
2479,200,28,(cos(x))+(sin((x)+(x))),4.0e-2,5.006444624689459,17.749915312100246,3.953488372093023,4.0,4.000000000000001e-2,4.81482486096809e-35
2480,200,34,(cos(x))+(sin((x)+(x))),4.0e-2,4.800258707368353,17.486593141547456,3.9036144578313254,4.0,4.000000000000001e-2,4.81482486096809e-35
2481,200,25,(cos(x))+(sin((x)+(x))),4.0e-2,6.610801643194109,20.132398774721402,3.902857142857143,4.0,4.000000000000001e-2,4.81482486096809e-35
2482,200,24,(cos(x))+(sin((x)+(x))),4.0e-2,4.166527722257961,13.720154819978791,3.846590909090909,4.0,4.000000000000001e-2,4.81482486096809e-35
2483,200,23,(cos(x))+(sin((x)+(x))),4.0e-2,6.111947860702848,20.254477107889993,3.8813559322033897,4.0,4.000000000000001e-2,4.81482486096809e-35
2484,200,25,(cos(x))+(sin((x)+(x))),4.0e-2,8.036497481185085,26.063903165935166,4.0685714285714285,4.0,4.000000000000001e-2,4.81482486096809e-35
2485,200,31,(cos(x))+(sin((x)+(x))),4.0e-2,7.024447629515013,24.450520003288805,3.9763313609467454,4.0,4.000000000000001e-2,4.81482486096809e-35
2486,200,26,(cos(x))+(sin((x)+(x))),4.0e-2,4.471264577884032,16.44617377148398,4.028735632183908,4.0,4.000000000000001e-2,4.81482486096809e-35
2487,200,22,(cos(-(x)))+(sin((x)+(x))),4.0e-2,9.321811685855357,49.75296533362355,3.9269662921348316,4.0,4.000000000000001e-2,4.81482486096809e-35
2488,200,34,(cos(x))+(sin((x)+(x))),4.0e-2,4.490549229681135,18.411469087693362,3.9578313253012047,4.0,4.000000000000001e-2,4.81482486096809e-35
2489,200,30,(cos(x))+(sin((x)+(x))),4.0e-2,5.354962398140874,22.94175758429333,4.011764705882353,4.0,4.000000000000001e-2,4.81482486096809e-35
2490,200,27,(cos(x))+(sin((x)+(x))),4.0e-2,5.62229783709308,16.096612986069992,3.878612716763006,4.0,4.000000000000001e-2,4.81482486096809e-35
2491,200,30,(cos(x))+(sin((x)+(x))),4.0e-2,3.97274448675043,12.878351323734805,3.9411764705882355,4.0,4.000000000000001e-2,4.81482486096809e-35
2492,200,26,(cos(x))+(sin((x)+(x))),4.0e-2,6.007348793543149,22.59276098829323,3.954022988505747,4.0,4.000000000000001e-2,4.81482486096809e-35
2493,200,29,(cos(x))+(sin((x)+(x))),4.0e-2,4.843117199859922,16.902540871393573,4.017543859649122,4.0,4.000000000000001e-2,4.81482486096809e-35
2494,200,21,(cos(x))+(sin((x)+(x))),4.0e-2,6.657057720415385,22.23877604647959,3.916201117318436,4.0,4.000000000000001e-2,4.81482486096809e-35
2495,200,22,(cos(x))+(sin((x)+(x))),4.0e-2,7.251932139024258,25.306246566808863,3.8146067415730336,4.0,4.000000000000001e-2,4.81482486096809e-35
2496,200,25,(cos(x))+(sin((x)+(x))),4.0e-2,8.553493518595648,42.71984397051785,3.902857142857143,4.0,4.000000000000001e-2,4.81482486096809e-35
2497,200,24,(cos(x))+(sin((x)+(x))),4.0e-2,4.98116478020196,13.75687454005162,3.977272727272727,4.0,4.000000000000001e-2,4.81482486096809e-35
2498,200,27,(cos(x))+(sin((x)+(x))),4.0e-2,22.168967955581017,212.40491575511987,3.9190751445086707,4.0,4.000000000000001e-2,4.81482486096809e-35
2499,200,27,(cos(x))+(sin((x)+(x))),4.0e-2,5.416831287747306,18.06903410666569,4.046242774566474,4.0,4.000000000000001e-2,4.81482486096809e-35
2500,200,31,(cos(x))+(sin((x)+(x))),4.0e-2,5.6294937701232195,18.654757536055804,3.8875739644970415,4.0,4.000000000000001e-2,4.81482486096809e-35
2501,200,27,(cos(x))+(sin((x)+(x))),4.0e-2,7.912177171098671,40.49540071365607,4.115606936416185,4.0,4.000000000000001e-2,4.81482486096809e-35
2502,200,27,(cos(x))+(sin((x)+(x))),4.0e-2,4.694772800495786,13.761332943203657,3.947976878612717,4.0,4.000000000000001e-2,4.81482486096809e-35
2503,200,24,(cos(x))+(sin((x)+(x))),4.0e-2,4.418592429308759,12.93766034233952,3.8636363636363638,4.0,4.000000000000001e-2,4.81482486096809e-35
2504,200,29,(cos(x))+(sin((x)+(x))),4.0e-2,6.409297722443337,20.5719400015593,3.9298245614035086,4.0,4.000000000000001e-2,4.81482486096809e-35
2505,200,22,(cos(x))+(sin((x)+(x))),4.0e-2,5.554097543765224,19.29866150534921,3.966292134831461,4.0,4.000000000000001e-2,4.81482486096809e-35
2506,200,23,(cos(x))+(sin((x)+(x))),4.0e-2,5.830132106343843,14.993850226754878,3.8870056497175143,4.0,4.000000000000001e-2,4.81482486096809e-35
2507,200,32,(cos(x))+(sin((x)+(x))),4.0e-2,5.937745724041948,25.465037024496166,4.0,4.0,4.000000000000001e-2,4.81482486096809e-35
2508,200,27,(cos(x))+(sin((x)+(x))),4.0e-2,5.68706867708149,19.435505823255497,3.9364161849710984,4.0,4.000000000000001e-2,4.81482486096809e-35
2509,200,25,(cos(x))+(sin((x)+(x))),4.0e-2,6.982451445814351,29.44414821712925,3.9885714285714284,4.0,4.000000000000001e-2,4.81482486096809e-35
2510,200,24,(cos(x))+(sin((x)+(x))),4.0e-2,6.531524848644028,26.848475527697957,3.9204545454545454,4.0,4.000000000000001e-2,4.81482486096809e-35
2511,200,31,(cos(x))+(sin((x)+(x))),4.0e-2,5.799911418033318,15.151867859978287,3.911242603550296,4.0,4.000000000000001e-2,4.81482486096809e-35
2512,200,30,(cos(x))+(sin((x)+(x))),4.0e-2,8.26106947652098,25.37616725130423,3.8294117647058825,4.0,4.000000000000001e-2,4.81482486096809e-35
2513,200,25,(cos(x))+(sin((x)+(x))),4.0e-2,6.885816216219241,22.998155073604202,3.8914285714285715,4.0,4.000000000000001e-2,4.81482486096809e-35
2514,200,30,(cos(x))+(sin((x)+(x))),4.0e-2,4.841101211544982,17.446317364375997,3.958823529411765,4.0,4.000000000000001e-2,4.81482486096809e-35
2515,200,26,(cos(x))+(sin((x)+(x))),4.0e-2,6.38191073301757,20.383353506502544,3.9080459770114944,4.0,4.000000000000001e-2,4.81482486096809e-35
2516,200,27,(cos(x))+(sin((x)+(x))),4.0e-2,3.863876085547694,12.674886038232884,3.947976878612717,4.0,4.000000000000001e-2,4.81482486096809e-35
2517,200,26,(cos(x))+(sin((x)+(x))),4.0e-2,5.34833350435257,17.26541491745228,3.942528735632184,4.0,4.000000000000001e-2,4.81482486096809e-35
2518,200,24,(cos(x))+(sin((x)+(x))),4.0e-2,6.719584746115501,24.574159619844878,3.9488636363636362,4.0,4.000000000000001e-2,4.81482486096809e-35
2519,200,19,(cos(x))+(sin((x)+(x))),4.0e-2,6.418311576760498,19.53358272277896,3.9502762430939224,4.0,4.000000000000001e-2,4.81482486096809e-35
2520,200,28,(cos(x))+(sin((x)+(x))),4.0e-2,5.11459582948801,14.150545208228328,3.9069767441860463,4.0,4.000000000000001e-2,4.81482486096809e-35
2521,200,23,(cos(x))+(sin((x)+(x))),4.0e-2,6.090472190322849,24.28403239742192,4.0,4.0,4.000000000000001e-2,4.81482486096809e-35
2522,200,29,(cos(x))+(sin((x)+(x))),4.0e-2,6.491269532296282,25.78386415779145,3.982456140350877,4.0,4.000000000000001e-2,4.81482486096809e-35
2523,200,31,(cos(x))+(sin((x)+(x))),4.0e-2,8.00099013149601,26.722933751177287,3.798816568047337,4.0,4.000000000000001e-2,4.81482486096809e-35
2524,200,26,(cos(x))+(sin((x)+(x))),4.0e-2,4.962427063435543,13.520411980201235,3.9195402298850577,4.0,4.000000000000001e-2,4.81482486096809e-35
2525,200,25,(cos(x))+(sin((x)+(x))),4.0e-2,7.956813741092576,26.275475962948576,3.92,4.0,4.000000000000001e-2,4.81482486096809e-35
2526,200,29,(cos(x))+(sin((x)+(x))),4.0e-2,8.59362790512515,33.09063846288437,3.935672514619883,4.0,4.000000000000001e-2,4.81482486096809e-35
2527,200,18,(cos(x))+(sin((x)+(x))),4.0e-2,12.044920673227796,50.222988871178856,3.9395604395604398,4.0,4.000000000000001e-2,4.81482486096809e-35
2528,200,27,(cos(x))+(sin((x)+(x))),4.0e-2,9.11230688356219,29.217614681435848,3.9884393063583814,4.0,4.000000000000001e-2,4.81482486096809e-35
2529,200,28,(cos(x))+(sin((x)+(x))),4.0e-2,4.482207402252889,15.357395125020531,3.9244186046511627,4.0,4.000000000000001e-2,4.81482486096809e-35
2530,200,30,(cos(x))+(sin((x)+(x))),4.0e-2,5.027281284836819,20.583413969830296,4.0,4.0,4.000000000000001e-2,4.81482486096809e-35
2531,200,29,(cos(x))+(sin((x)+(x))),4.0e-2,7.592087878822012,27.753418790224533,3.8947368421052633,4.0,4.000000000000001e-2,4.81482486096809e-35
2532,200,29,(cos(x))+(sin((x)+(x))),4.0e-2,4.543715798374113,12.955115048259222,4.029239766081871,4.0,4.000000000000001e-2,4.81482486096809e-35
2533,200,29,(cos(x))+(sin((x)+(x))),4.0e-2,6.259388234759773,20.54691846515273,3.8830409356725144,4.0,4.000000000000001e-2,4.81482486096809e-35
2534,200,27,(cos(x))+(sin((x)+(x))),4.0e-2,6.114070408561754,21.93910177493117,3.9710982658959537,4.0,4.000000000000001e-2,4.81482486096809e-35
2535,200,31,(cos(x))+(sin((x)+(x))),4.0e-2,4.676741790463345,15.492440870150059,4.017751479289941,4.0,4.000000000000001e-2,4.81482486096809e-35
2536,200,23,(cos(x))+(sin((x)+(x))),4.0e-2,6.159487831758377,22.997616003691785,3.943502824858757,4.0,4.000000000000001e-2,4.81482486096809e-35
2537,200,26,(cos(x))+(sin((x)+(x))),4.0e-2,6.496039252050454,26.19549665752206,3.925287356321839,4.0,4.000000000000001e-2,4.81482486096809e-35
2538,200,31,(cos(x))+(sin((x)+(x))),4.0e-2,5.696131358099286,23.637724182483186,4.0,4.0,4.000000000000001e-2,4.81482486096809e-35
2539,200,28,(cos(x))+(sin((x)+(x))),4.0e-2,7.3352915677159665,24.441350366887068,3.953488372093023,4.0,4.000000000000001e-2,4.81482486096809e-35
2540,200,23,(cos(x))+(sin((x)+(x))),4.0e-2,11.967029689885196,56.583013424818425,3.8700564971751414,4.0,4.000000000000001e-2,4.81482486096809e-35
2541,200,27,(cos(x))+(sin((x)+(x))),4.0e-2,6.340183619781416,21.98917479480812,3.930635838150289,4.0,4.000000000000001e-2,4.81482486096809e-35
2542,200,25,(cos(x))+(sin((x)+(x))),4.0e-2,22.52117388183154,229.52131432109127,3.994285714285714,4.0,4.000000000000001e-2,4.81482486096809e-35
2543,200,25,(cos(x))+(sin((x)+(x))),4.0e-2,24.34711914105061,225.0089060753628,4.005714285714285,4.0,4.000000000000001e-2,4.81482486096809e-35
2544,200,23,(cos(x))+(sin((x)+(x))),4.0e-2,8.180581052899502,25.67873093553055,3.926553672316384,4.0,4.000000000000001e-2,4.81482486096809e-35
2545,200,28,(cos(x))+(sin((x)+(x))),4.0e-2,8.105113134702126,33.38792028500766,3.9127906976744184,4.0,4.000000000000001e-2,4.81482486096809e-35
2546,200,27,(cos(x))+(sin((x)+(x))),4.0e-2,6.132658549253545,15.67869606488553,3.8728323699421967,4.0,4.000000000000001e-2,4.81482486096809e-35
2547,200,27,(cos(x))+(sin((x)+(x))),4.0e-2,5.3462560928241,20.528191668356442,3.930635838150289,4.0,4.000000000000001e-2,4.81482486096809e-35
2548,200,34,(cos(x))+(sin((x)+(x))),4.0e-2,9.325665267982687,46.765470685985754,4.042168674698795,4.0,4.000000000000001e-2,4.81482486096809e-35
2549,200,29,(cos(x))+(sin((x)+(x))),4.0e-2,7.101526082691998,22.24135338683141,3.9415204678362574,4.0,4.000000000000001e-2,4.81482486096809e-35
2550,200,25,(cos(x))+(sin((x)+(x))),4.0e-2,8.369466409426618,32.080374601238645,3.9714285714285715,4.0,4.000000000000001e-2,4.81482486096809e-35
2551,200,28,(cos(x))+(sin((x)+(x))),4.0e-2,4.503079311396458,18.70234542576031,3.9186046511627906,4.0,4.000000000000001e-2,4.81482486096809e-35
2552,200,29,(cos(x))+(sin((x)+(x))),4.0e-2,20.98203897325815,205.35912185437874,3.912280701754386,4.0,4.000000000000001e-2,4.81482486096809e-35
2553,200,24,(cos(x))+(sin((x)+(x))),4.0e-2,4.061616531310999,12.707223270575414,3.9431818181818183,4.0,4.000000000000001e-2,4.81482486096809e-35
2554,200,21,(cos(x))+(sin((x)+(x))),4.0e-2,14.985147571424234,121.7023442781143,3.9608938547486034,4.0,4.000000000000001e-2,4.81482486096809e-35
2555,200,24,(cos(x))+(sin((x)+(x))),4.0e-2,6.168411622462681,19.14742753505966,3.835227272727273,4.0,4.000000000000001e-2,4.81482486096809e-35
2556,200,31,(cos(x))+(sin((x)+(x))),4.0e-2,4.649489028855369,13.35103377092868,3.9763313609467454,4.0,4.000000000000001e-2,4.81482486096809e-35
2557,200,32,(cos(x))+(sin((x)+(x))),4.0e-2,4.637124204245613,17.054983239272122,4.136904761904762,4.0,4.000000000000001e-2,4.81482486096809e-35
2558,200,25,(cos(x))+(sin((x)+(x))),4.0e-2,5.295441404016188,15.682471736292777,3.9885714285714284,4.0,4.000000000000001e-2,4.81482486096809e-35
2559,200,31,(cos(x))+(sin((x)+(x))),4.0e-2,5.091508006182656,18.226699106685935,3.940828402366864,4.0,4.000000000000001e-2,4.81482486096809e-35
2560,200,24,(cos(x))+(sin((x)+(x))),4.0e-2,5.673305692608303,14.568046156246444,4.0,4.0,4.000000000000001e-2,4.81482486096809e-35
2561,200,24,(cos(x))+(sin((x)+(x))),4.0e-2,5.851830340161572,20.408611979327762,3.971590909090909,4.0,4.000000000000001e-2,4.81482486096809e-35
2562,200,25,(cos(x))+(sin((x)+(x))),4.0e-2,5.723503015521181,14.847897442716306,3.8514285714285714,4.0,4.000000000000001e-2,4.81482486096809e-35
2563,200,29,(cos(x))+(sin((x)+(x))),4.0e-2,5.141161911705974,19.656934437907697,3.982456140350877,4.0,4.000000000000001e-2,4.81482486096809e-35
2564,200,25,(cos(x))+(sin((x)+(x))),4.0e-2,3016.120749701812,27975.805630833034,3.9314285714285715,4.0,4.000000000000001e-2,4.81482486096809e-35
2565,200,21,(cos(x))+(sin((x)+(x))),4.0e-2,6.36931591580359,19.241141177279097,3.905027932960894,4.0,4.000000000000001e-2,4.81482486096809e-35
2566,200,23,(cos(x))+(sin((x)+(x))),4.0e-2,8.466817908132894,40.53464855722473,3.937853107344633,4.0,4.000000000000001e-2,4.81482486096809e-35
2567,200,20,(cos(x))+(sin((x)+(x))),4.0e-2,8.524322166181683,26.172513242296162,3.922222222222222,4.0,4.000000000000001e-2,4.81482486096809e-35
2568,200,22,(cos(x))+(sin((x)+(x))),4.0e-2,6.767217468815503,20.49304443177979,4.02808988764045,4.0,4.000000000000001e-2,4.81482486096809e-35
2569,200,29,(cos(x))+(sin((x)+(x))),4.0e-2,7.711492387084355,29.511966553665815,4.046783625730995,4.0,4.000000000000001e-2,4.81482486096809e-35
2570,200,29,(cos(x))+(sin((x)+(x))),4.0e-2,4.533240355822078,14.618732448558264,3.9590643274853803,4.0,4.000000000000001e-2,4.81482486096809e-35
2571,200,24,(cos(x))+(sin((x)+(x))),4.0e-2,5.582280524628388,16.549615957367394,3.903409090909091,4.0,4.000000000000001e-2,4.81482486096809e-35
2572,200,24,(cos(x))+(sin((x)+(x))),4.0e-2,22.266184405940667,230.90929319400715,3.971590909090909,4.0,4.000000000000001e-2,4.81482486096809e-35
2573,200,28,(cos(x))+(sin((x)+(x))),4.0e-2,5.709560808025154,18.349490899991682,3.936046511627907,4.0,4.000000000000001e-2,4.81482486096809e-35
2574,200,22,(cos(x))+(sin((x)+(x))),4.0e-2,7.10342149101945,19.2050129297766,3.8876404494382024,4.0,4.000000000000001e-2,4.81482486096809e-35
2575,200,28,(cos(x))+(sin((x)+(x))),4.0e-2,7.132842439782174,23.269616081976846,3.9244186046511627,4.0,4.000000000000001e-2,4.81482486096809e-35
2576,200,29,(cos(x))+(sin((x)+(x))),4.0e-2,5.404049549125738,14.939737973159794,3.953216374269006,4.0,4.000000000000001e-2,4.81482486096809e-35
2577,200,30,(cos(x))+(sin((x)+(x))),4.0e-2,4.217860047243608,12.919908984397079,4.123529411764705,4.0,4.000000000000001e-2,4.81482486096809e-35
2578,200,24,(cos(x))+(sin((x)+(x))),4.0e-2,26.059383007194832,233.4138702951961,3.977272727272727,4.0,4.000000000000001e-2,4.81482486096809e-35
2579,200,39,(cos(x))+(sin((x)+(x))),4.0e-2,3.00721461429124,10.476201449236003,4.024844720496894,4.0,4.000000000000001e-2,4.81482486096809e-35
2580,200,27,(cos(x))+(sin((x)+(x))),4.0e-2,6.146544656383022,21.251260922431825,3.9653179190751446,4.0,4.000000000000001e-2,4.81482486096809e-35
2581,200,21,(cos(x))+(sin((x)+(x))),4.0e-2,4.789953431010793,14.167775092656957,3.9273743016759775,4.0,4.000000000000001e-2,4.81482486096809e-35
2582,200,28,(cos(x))+(sin((x)+(x))),4.0e-2,4.414252618862894,14.950902987639171,3.9244186046511627,4.0,4.000000000000001e-2,4.81482486096809e-35
2583,200,27,(cos(x))+(sin((x)+(x))),4.0e-2,4.174463620658798,12.63224494849579,3.9653179190751446,4.0,4.000000000000001e-2,4.81482486096809e-35
2584,200,24,(cos(x))+(sin((x)+(x))),4.0e-2,4.804695098737687,13.996118722983688,3.8693181818181817,4.0,4.000000000000001e-2,4.81482486096809e-35
2585,200,26,(cos(x))+(sin((x)+(x))),4.0e-2,5.5718943346767,21.84304694712487,4.011494252873563,4.0,4.000000000000001e-2,4.81482486096809e-35
2586,200,23,(cos(x))+(sin((x)+(x))),4.0e-2,6.332254607666335,18.37401786312287,3.9096045197740112,4.0,4.000000000000001e-2,4.81482486096809e-35
2587,200,25,(cos(x))+(sin((x)+(x))),4.0e-2,4.367582970617479,12.261271694958385,3.9314285714285715,4.0,4.000000000000001e-2,4.81482486096809e-35
2588,200,26,(cos(x))+(sin((x)+(x))),4.0e-2,5.6612883536997325,19.74777134103351,3.925287356321839,4.0,4.000000000000001e-2,4.81482486096809e-35
2589,200,31,(cos(x))+(sin((x)+(x))),4.0e-2,5.580122143794778,19.90819912648776,3.970414201183432,4.0,4.000000000000001e-2,4.81482486096809e-35
2590,200,30,(cos(x))+(sin((x)+(x))),4.0e-2,5.450466188901909,19.653758160112982,3.9647058823529413,4.0,4.000000000000001e-2,4.81482486096809e-35
2591,200,24,(cos(x))+(sin((x)+(x))),4.0e-2,7.652637788818481,33.715420358202515,3.9375,4.0,4.000000000000001e-2,4.81482486096809e-35
2592,200,27,(cos(x))+(sin((x)+(x))),4.0e-2,4.350517111303777,12.972484115322233,3.907514450867052,4.0,4.000000000000001e-2,4.81482486096809e-35
2593,200,35,(cos(x))+(sin((x)+(x))),4.0e-2,3.578698492936479,12.402225914590602,3.9757575757575756,4.0,4.000000000000001e-2,4.81482486096809e-35
2594,200,24,(cos(x))+(sin((x)+(x))),4.0e-2,5.828463072893272,15.840346466446706,3.9886363636363638,4.0,4.000000000000001e-2,4.81482486096809e-35
2595,200,32,(cos(x))+(sin((x)+(x))),4.0e-2,4.30841196056116,15.262724955101444,4.017857142857143,4.0,4.000000000000001e-2,4.81482486096809e-35
2596,200,34,(cos(x))+(sin((x)+(x))),4.0e-2,4.902291509432198,17.313150692786966,4.0,4.0,4.000000000000001e-2,4.81482486096809e-35
2597,200,30,(cos(x))+(sin((x)+(x))),4.0e-2,4.162182269941007,14.07568313174732,3.9705882352941178,4.0,4.000000000000001e-2,4.81482486096809e-35
2598,200,26,(cos(x))+(sin((x)+(x))),4.0e-2,5.778536871557017,19.086896414636442,3.8850574712643677,4.0,4.000000000000001e-2,4.81482486096809e-35
2599,200,31,(cos(x))+(sin((x)+(x))),4.0e-2,7.267383093142941,26.41478215539424,3.9289940828402368,4.0,4.000000000000001e-2,4.81482486096809e-35
2600,200,26,(cos(x))+(sin((x)+(x))),4.0e-2,5.805460078518012,30.0948612588207,3.954022988505747,4.0,4.000000000000001e-2,4.81482486096809e-35
2601,200,26,(cos(x))+(sin((x)+(x))),4.0e-2,35.83004119564991,366.52764706976257,3.925287356321839,4.0,4.000000000000001e-2,4.81482486096809e-35
2602,200,26,(cos(x))+(sin((x)+(x))),4.0e-2,4.983676905208876,12.813667138056799,4.0344827586206895,4.0,4.000000000000001e-2,4.81482486096809e-35
2603,200,20,(cos(x))+(sin((x)+(x))),4.0e-2,7.2558991279455745,20.51361426223715,3.9166666666666665,4.0,4.000000000000001e-2,4.81482486096809e-35
2604,200,30,(cos(x))+(sin((x)+(x))),4.0e-2,5.195502417861988,19.44075625169999,3.9529411764705884,4.0,4.000000000000001e-2,4.81482486096809e-35
2605,200,28,(cos(x))+(sin((x)+(x))),4.0e-2,5.545105255435017,19.579310633140953,3.936046511627907,4.0,4.000000000000001e-2,4.81482486096809e-35
2606,200,27,(cos(x))+(sin((x)+(x))),4.0e-2,4.015769255070395,16.392483411713684,4.005780346820809,4.0,4.000000000000001e-2,4.81482486096809e-35
2607,200,30,(cos(x))+(sin((x)+(x))),4.0e-2,7.9832842934747825,29.012489560293282,4.029411764705882,4.0,4.000000000000001e-2,4.81482486096809e-35
2608,200,20,(cos(x))+(sin((x)+(x))),4.0e-2,9.749243041836397,31.199283931360632,3.9444444444444446,4.0,4.000000000000001e-2,4.81482486096809e-35
2609,200,23,(cos(x))+(sin((x)+(x))),4.0e-2,5.599322659800591,18.603626259422857,3.937853107344633,4.0,4.000000000000001e-2,4.81482486096809e-35
2610,200,23,(cos(x))+(sin((x)+(x))),4.0e-2,10.560336277741923,39.39965323240917,3.8870056497175143,4.0,4.000000000000001e-2,4.81482486096809e-35
2611,200,24,(cos(x))+(sin((x)+(x))),4.0e-2,8.595060148892832,22.06472027919904,3.7954545454545454,4.0,4.000000000000001e-2,4.81482486096809e-35
2612,200,28,(cos(x))+(sin((x)+(x))),4.0e-2,6.017882545631288,26.288006953974886,4.017441860465116,4.0,4.000000000000001e-2,4.81482486096809e-35
2613,200,27,(cos(x))+(sin((x)+(x))),4.0e-2,6.741565340585906,28.63814917556623,3.9653179190751446,4.0,4.000000000000001e-2,4.81482486096809e-35
2614,200,22,(cos(x))+(sin((x)+(x))),4.0e-2,6.301741369784773,19.848638702151934,4.022471910112359,4.0,4.000000000000001e-2,4.81482486096809e-35
2615,200,29,(cos(x))+(sin((x)+(x))),4.0e-2,6.667277505403017,28.57865683740203,3.9239766081871346,4.0,4.000000000000001e-2,4.81482486096809e-35
2616,200,28,(cos(x))+(sin((x)+(x))),4.0e-2,5.462225430357717,14.927211383152402,3.9244186046511627,4.0,4.000000000000001e-2,4.81482486096809e-35
2617,200,22,(cos(x))+(sin((x)+(x))),4.0e-2,10.975222646783413,44.495761808576546,3.955056179775281,4.0,4.000000000000001e-2,4.81482486096809e-35
2618,200,29,(cos(x))+(sin((x)+(x))),4.0e-2,4.849510574528027,14.770491310880923,3.8947368421052633,4.0,4.000000000000001e-2,4.81482486096809e-35
2619,200,31,(cos(x))+(sin((x)+(x))),4.0e-2,4.986088666597986,18.959978879967352,3.9171597633136095,4.0,4.000000000000001e-2,4.81482486096809e-35
2620,200,27,(cos(x))+(sin((x)+(x))),4.0e-2,5.13805367377348,14.920480763779338,3.791907514450867,4.0,4.000000000000001e-2,4.81482486096809e-35
2621,200,30,(cos(x))+(sin((x)+(x))),4.0e-2,5.447503265022854,19.705533454836388,4.0058823529411764,4.0,4.000000000000001e-2,4.81482486096809e-35
2622,200,28,(cos(x))+(sin((x)+(x))),4.0e-2,14.303024604972723,102.10016354438986,4.034883720930233,4.0,4.000000000000001e-2,4.81482486096809e-35
2623,200,29,(cos(x))+(sin((x)+(x))),4.0e-2,22.52359578886363,235.60305018091933,3.953216374269006,4.0,4.000000000000001e-2,4.81482486096809e-35
2624,200,27,(cos(x))+(sin((x)+(x))),4.0e-2,5.805644237526714,22.051199585255542,3.959537572254335,4.0,4.000000000000001e-2,4.81482486096809e-35
2625,200,28,(cos(x))+(sin((x)+(x))),4.0e-2,7.960459572436313,46.621211040399665,3.8430232558139537,4.0,4.000000000000001e-2,4.81482486096809e-35
2626,200,24,(cos(x))+(sin((x)+(x))),4.0e-2,6.678025930886238,20.015816373454015,3.914772727272727,4.0,4.000000000000001e-2,4.81482486096809e-35
2627,200,22,(cos(x))+(sin((x)+(x))),4.0e-2,8.823803978936027,49.299537205921844,4.078651685393258,4.0,4.000000000000001e-2,4.81482486096809e-35
2628,200,30,(cos(x))+(sin((x)+(x))),4.0e-2,5.574387921220176,16.189198147177564,3.8117647058823527,4.0,4.000000000000001e-2,4.81482486096809e-35
2629,200,27,(cos(x))+(sin((x)+(x))),4.0e-2,4.871758070942875,14.119916225087685,3.8728323699421967,4.0,4.000000000000001e-2,4.81482486096809e-35
2630,200,24,(cos(x))+(sin((x)+(x))),4.0e-2,6.054926920542892,22.45301559728908,3.9488636363636362,4.0,4.000000000000001e-2,4.81482486096809e-35
2631,200,22,(cos(x))+(sin((x)+(x))),4.0e-2,7.838603814109262,28.570135134601575,4.02808988764045,4.0,4.000000000000001e-2,4.81482486096809e-35
2632,200,28,(cos(x))+(sin((x)+(x))),4.0e-2,5.124105662051956,18.240961504376575,4.011627906976744,4.0,4.000000000000001e-2,4.81482486096809e-35
2633,200,26,(cos(x))+(sin((x)+(x))),4.0e-2,6.171604148440207,19.31305265279167,3.9022988505747125,4.0,4.000000000000001e-2,4.81482486096809e-35
2634,200,24,(cos(x))+(sin((x)+(x))),4.0e-2,5.246943050720668,20.798013514661296,3.846590909090909,4.0,4.000000000000001e-2,4.81482486096809e-35
2635,200,30,(cos(x))+(sin((x)+(x))),4.0e-2,5.495707788530599,19.0129426425684,3.9176470588235293,4.0,4.000000000000001e-2,4.81482486096809e-35
2636,200,31,(cos(x))+(sin((x)+(x))),4.0e-2,5.874849608873656,22.686439981907043,3.8875739644970415,4.0,4.000000000000001e-2,4.81482486096809e-35
2637,200,29,(cos(x))+(sin((x)+(x))),4.0e-2,7.6847791223152795,25.437405708239126,3.9415204678362574,4.0,4.000000000000001e-2,4.81482486096809e-35
2638,200,30,(cos(x))+(sin((x)+(x))),4.0e-2,9.298017896199365,42.631877365175704,3.9647058823529413,4.0,4.000000000000001e-2,4.81482486096809e-35
2639,200,34,(cos(x))+(sin((x)+(x))),4.0e-2,4.723655699167908,19.472518476432615,3.9759036144578315,4.0,4.000000000000001e-2,4.81482486096809e-35
2640,200,30,(cos(x))+(sin((x)+(x))),4.0e-2,6.078516522680598,21.698625587510772,3.9352941176470586,4.0,4.000000000000001e-2,4.81482486096809e-35
2641,200,28,(cos(x))+(sin((x)+(x))),4.0e-2,8.510430527022736,24.654565088244276,3.8488372093023258,4.0,4.000000000000001e-2,4.81482486096809e-35
2642,200,26,(cos(x))+(sin((x)+(x))),4.0e-2,7.496455950340219,28.613736407553443,4.017241379310345,4.0,4.000000000000001e-2,4.81482486096809e-35
2643,200,20,(cos(x))+(sin((x)+(x))),4.0e-2,5.6608469838075175,18.135914409270384,3.85,4.0,4.000000000000001e-2,4.81482486096809e-35
2644,200,27,(cos(x))+(sin((x)+(x))),4.0e-2,4.063424674021344,12.650651898641108,3.9653179190751446,4.0,4.000000000000001e-2,4.81482486096809e-35
2645,200,31,(cos(x))+(sin((x)+(x))),4.0e-2,6.128864478835075,24.01914373798017,3.9763313609467454,4.0,4.000000000000001e-2,4.81482486096809e-35
2646,200,30,(cos(x))+(sin((x)+(x))),4.0e-2,6.244675769833798,27.115409736720842,3.9352941176470586,4.0,4.000000000000001e-2,4.81482486096809e-35
2647,200,27,(cos(x))+(sin((x)+(x))),4.0e-2,6.138267047932493,20.716275353522814,3.930635838150289,4.0,4.000000000000001e-2,4.81482486096809e-35
2648,200,32,(cos(x))+(sin((x)+(x))),4.0e-2,4.144144229466318,16.30611551062139,4.005952380952381,4.0,4.000000000000001e-2,4.81482486096809e-35
2649,200,27,(cos(x))+(sin((x)+(x))),4.0e-2,4.923527139464006,18.021223562559392,4.011560693641618,4.0,4.000000000000001e-2,4.81482486096809e-35
2650,200,27,(cos(x))+(sin((x)+(x))),4.0e-2,4.666254213793856,14.480750783589128,3.9710982658959537,4.0,4.000000000000001e-2,4.81482486096809e-35
2651,200,30,(cos(x))+(sin((x)+(x))),4.0e-2,6.479045475900688,16.43815534315562,4.035294117647059,4.0,4.000000000000001e-2,4.81482486096809e-35
2652,200,19,(cos(x))+(sin((x)+(x))),4.0e-2,8.66160033900216,29.476853805891384,3.889502762430939,4.0,4.000000000000001e-2,4.81482486096809e-35
2653,200,32,(cos(x))+(sin((x)+(x))),4.0e-2,6.388716150878779,32.696480938288914,3.9404761904761907,4.0,4.000000000000001e-2,4.81482486096809e-35
2654,200,28,(cos(x))+(sin((x)+(x))),4.0e-2,9.259832065013926,40.815446673247386,3.9186046511627906,4.0,4.000000000000001e-2,4.81482486096809e-35
2655,200,27,(cos(x))+(sin((x)+(x))),4.0e-2,3.8698113022097136,16.404367286025153,3.947976878612717,4.0,4.000000000000001e-2,4.81482486096809e-35
2656,200,22,(cos(x))+(sin((x)+(x))),4.0e-2,4.965037911496022,14.069673303356318,3.9213483146067416,4.0,4.000000000000001e-2,4.81482486096809e-35
2657,200,28,(cos(x))+(sin((x)+(x))),4.0e-2,8.434423259756894,30.424514300756233,3.9186046511627906,4.0,4.000000000000001e-2,4.81482486096809e-35
2658,200,26,(cos(x))+(sin((x)+(x))),4.0e-2,8.098110155776439,25.72440694250904,3.8850574712643677,4.0,4.000000000000001e-2,4.81482486096809e-35
2659,200,28,(cos(x))+(sin((x)+(x))),4.0e-2,24.86528481623862,235.09987035788603,4.069767441860465,4.0,4.000000000000001e-2,4.81482486096809e-35
2660,200,28,(cos(x))+(sin((x)+(x))),4.0e-2,22.242774247984826,233.25936940902326,3.9825581395348837,4.0,4.000000000000001e-2,4.81482486096809e-35
2661,200,34,(cos(x))+(sin((x)+(x))),4.0e-2,3.7757018222270338,12.364958451136726,4.0,4.0,4.000000000000001e-2,4.81482486096809e-35
2662,200,26,(cos(x))+(sin((x)+(x))),4.0e-2,7.0394281429783865,20.030870811844675,3.925287356321839,4.0,4.000000000000001e-2,4.81482486096809e-35
2663,200,19,(cos(x))+(sin((x)+(x))),4.0e-2,10.682791326222366,50.838590587867415,4.044198895027624,4.0,4.000000000000001e-2,4.81482486096809e-35
2664,200,23,(cos(x))+(sin((x)+(x))),4.0e-2,6.452773134947572,19.83196493824589,3.9548022598870056,4.0,4.000000000000001e-2,4.81482486096809e-35
2665,200,30,(cos(x))+(sin((x)+(x))),4.0e-2,4.3357863263503535,14.204969058694344,4.023529411764706,4.0,4.000000000000001e-2,4.81482486096809e-35
2666,200,22,(cos(x))+(sin((x)+(x))),4.0e-2,6.673192173579064,17.15510820398029,3.8764044943820224,4.0,4.000000000000001e-2,4.81482486096809e-35
2667,200,25,(cos(x))+(sin((x)+(x))),4.0e-2,6.175632762679069,18.72962298221879,3.92,4.0,4.000000000000001e-2,4.81482486096809e-35
2668,200,31,(cos(x))+(sin((x)+(x))),4.0e-2,7.019733561388821,26.377734600640174,3.905325443786982,4.0,4.000000000000001e-2,4.81482486096809e-35
2669,200,27,(cos(x))+(sin((x)+(x))),4.0e-2,7.370095262357804,26.71947436927403,3.8959537572254335,4.0,4.000000000000001e-2,4.81482486096809e-35
2670,200,23,(cos(x))+(sin((x)+(x))),4.0e-2,8.118812594517234,35.086883541777695,3.9152542372881354,4.0,4.000000000000001e-2,4.81482486096809e-35
2671,200,20,(cos(x))+(sin((x)+(x))),4.0e-2,13.295796745471584,51.175349716979035,3.8722222222222222,4.0,4.000000000000001e-2,4.81482486096809e-35
2672,200,34,(cos(x))+(sin((x)+(x))),4.0e-2,3.234660487085307,15.215475117662528,4.072289156626506,4.0,4.000000000000001e-2,4.81482486096809e-35
2673,200,25,(cos(x))+(sin((x)+(x))),4.0e-2,6.9844593116756615,29.613099564028214,3.914285714285714,4.0,4.000000000000001e-2,4.81482486096809e-35
2674,200,24,(cos(x))+(sin((x)+(x))),4.0e-2,6.420116268744647,21.125300570597165,3.971590909090909,4.0,4.000000000000001e-2,4.81482486096809e-35
2675,200,25,(cos(x))+(sin((x)+(x))),4.0e-2,5.30417462830876,15.610849111628717,3.9314285714285715,4.0,4.000000000000001e-2,4.81482486096809e-35
2676,200,34,(cos(x))+(sin((x)+(x))),4.0e-2,7.992959452467845,32.00936500387905,3.9397590361445785,4.0,4.000000000000001e-2,4.81482486096809e-35
2677,200,24,(cos(x))+(sin((x)+(x))),4.0e-2,7.007564703785164,23.36796067143377,3.909090909090909,4.0,4.000000000000001e-2,4.81482486096809e-35
2678,200,24,(cos(x))+(sin((x)+(x))),4.0e-2,6.030644687632601,15.213634267313735,3.8806818181818183,4.0,4.000000000000001e-2,4.81482486096809e-35
2679,200,22,(cos(x))+(sin((x)+(x))),4.0e-2,6.467341662307666,25.1546209951132,3.904494382022472,4.0,4.000000000000001e-2,4.81482486096809e-35
2680,200,31,(cos(x))+(sin((x)+(x))),4.0e-2,2.9677147957834036,11.007346979467222,3.9526627218934913,4.0,4.000000000000001e-2,4.81482486096809e-35
2681,200,21,(cos(x))+(sin((x)+(x))),4.0e-2,6.433564543514581,20.90424419674806,3.8491620111731844,4.0,4.000000000000001e-2,4.81482486096809e-35
2682,200,22,(cos(x))+(sin((x)+(x))),4.0e-2,6.513834920778282,22.778246687575656,4.044943820224719,4.0,4.000000000000001e-2,4.81482486096809e-35
2683,200,26,(cos(x))+(sin((x)+(x))),4.0e-2,7.551797236337102,20.246908036135473,3.9655172413793105,4.0,4.000000000000001e-2,4.81482486096809e-35
2684,200,25,(cos(x))+(sin((x)+(x))),4.0e-2,5.3994456540427365,14.72273482469927,4.045714285714285,4.0,4.000000000000001e-2,4.81482486096809e-35
2685,200,28,(cos(x))+(sin((x)+(x))),4.0e-2,8.012998727701023,32.92087720216721,3.883720930232558,4.0,4.000000000000001e-2,4.81482486096809e-35
2686,200,31,(cos(x))+(sin((x)+(x))),4.0e-2,5.865156584469637,16.098097737498385,3.893491124260355,4.0,4.000000000000001e-2,4.81482486096809e-35
2687,200,28,(cos(x))+(sin((x)+(x))),4.0e-2,5.402598992160696,14.530589187448042,3.9244186046511627,4.0,4.000000000000001e-2,4.81482486096809e-35
2688,200,32,(cos(x))+(sin((x)+(x))),4.0e-2,3.028844048390648,10.110569684794177,4.023809523809524,4.0,4.000000000000001e-2,4.81482486096809e-35
2689,200,24,(cos(x))+(sin((x)+(x))),4.0e-2,6.403059258508921,20.425579917007845,4.034090909090909,4.0,4.000000000000001e-2,4.81482486096809e-35
2690,200,23,(cos(x))+(sin((x)+(x))),4.0e-2,8.932863859695653,33.66373695699602,3.8361581920903953,4.0,4.000000000000001e-2,4.81482486096809e-35
2691,200,30,(cos(x))+(sin((x)+(x))),4.0e-2,5.5090110319011,16.23645626038882,3.9352941176470586,4.0,4.000000000000001e-2,4.81482486096809e-35
2692,200,27,(cos(x))+(sin((x)+(x))),4.0e-2,7.8769466098731495,28.659148199391048,4.057803468208093,4.0,4.000000000000001e-2,4.81482486096809e-35
2693,200,24,(cos(x))+(sin((x)+(x))),4.0e-2,6.222958781360455,21.586646532835122,3.9375,4.0,4.000000000000001e-2,4.81482486096809e-35
2694,200,27,(cos(x))+(sin((x)+(x))),4.0e-2,4.683548576012384,13.4616255067913,3.976878612716763,4.0,4.000000000000001e-2,4.81482486096809e-35
2695,200,26,(cos(x))+(sin((x)+(x))),4.0e-2,4.907262322884972,17.87236697643914,3.9482758620689653,4.0,4.000000000000001e-2,4.81482486096809e-35
2696,200,24,(cos(x))+(sin((x)+(x))),4.0e-2,7.08643024401891,24.805791237948746,3.9375,4.0,4.000000000000001e-2,4.81482486096809e-35
2697,200,29,(cos(x))+(sin((x)+(x))),4.0e-2,3.8903599563650055,11.966368633132458,3.912280701754386,4.0,4.000000000000001e-2,4.81482486096809e-35
2698,200,27,(cos(x))+(sin((x)+(x))),4.0e-2,5.089057635970586,23.56450043447747,3.9248554913294798,4.0,4.000000000000001e-2,4.81482486096809e-35
2699,200,29,(cos(x))+(sin((x)+(x))),4.0e-2,5.108321555553658,14.179087315706264,3.853801169590643,4.0,4.000000000000001e-2,4.81482486096809e-35
2700,200,31,(cos(x))+(sin((x)+(x))),4.0e-2,5.241681739397905,14.314998878546637,3.8757396449704142,4.0,4.000000000000001e-2,4.81482486096809e-35
2701,200,33,(cos(x))+(sin((x)+(x))),4.0e-2,3.329667341383941,12.123286906112385,3.8802395209580838,4.0,4.000000000000001e-2,4.81482486096809e-35
2702,200,22,(cos(x))+(sin((x)+(x))),4.0e-2,8.062944721514972,23.8295725909173,3.853932584269663,4.0,4.000000000000001e-2,4.81482486096809e-35
2703,200,23,(cos(x))+(sin((x)+(x))),4.0e-2,8.830155517505528,28.87085417177126,3.926553672316384,4.0,4.000000000000001e-2,4.81482486096809e-35
2704,200,21,(cos(x))+(sin((x)+(x))),4.0e-2,5.9845143413322,17.276181384267527,3.921787709497207,4.0,4.000000000000001e-2,4.81482486096809e-35
2705,200,26,(cos(x))+(sin((x)+(x))),4.0e-2,7.294929177442596,26.42775670823723,4.022988505747127,4.0,4.000000000000001e-2,4.81482486096809e-35
2706,200,25,(cos(x))+(sin((x)+(x))),4.0e-2,6.46112702779909,23.534936360964814,3.9371428571428573,4.0,4.000000000000001e-2,4.81482486096809e-35
2707,200,28,(cos(x))+(sin((x)+(x))),4.0e-2,4.640151363128967,16.649781120950127,3.953488372093023,4.0,4.000000000000001e-2,4.81482486096809e-35
2708,200,30,(cos(x))+(sin((x)+(x))),4.0e-2,4.990516901028981,13.685425985949365,3.9352941176470586,4.0,4.000000000000001e-2,4.81482486096809e-35
2709,200,26,(cos(x))+(sin((x)+(x))),4.0e-2,5.454522097393819,20.65776159517676,4.005747126436781,4.0,4.000000000000001e-2,4.81482486096809e-35
2710,200,22,(cos(x))+(sin((x)+(x))),4.0e-2,5.971460204938122,18.940928792934866,3.960674157303371,4.0,4.000000000000001e-2,4.81482486096809e-35
2711,200,25,(cos(x))+(sin((x)+(x))),4.0e-2,10.340400130953952,41.971251964700656,3.874285714285714,4.0,4.000000000000001e-2,4.81482486096809e-35
2712,200,26,(cos(x))+(sin((x)+(x))),4.0e-2,9.897224905525883,38.629142594406424,3.9942528735632186,4.0,4.000000000000001e-2,4.81482486096809e-35
2713,200,26,(cos(x))+(sin((x)+(x))),4.0e-2,5.407515525820146,14.107522799948486,3.8275862068965516,4.0,4.000000000000001e-2,4.81482486096809e-35
2714,200,29,(cos(x))+(sin((x)+(x))),4.0e-2,4.21917100888797,13.484258155847332,3.9415204678362574,4.0,4.000000000000001e-2,4.81482486096809e-35
2715,200,26,(cos(x))+(sin((x)+(x))),4.0e-2,6.926299815822177,21.857657978769357,4.011494252873563,4.0,4.000000000000001e-2,4.81482486096809e-35
2716,200,24,(cos(x))+(sin((x)+(x))),4.0e-2,5.947897059407499,18.77172305651508,4.0227272727272725,4.0,4.000000000000001e-2,4.81482486096809e-35
2717,200,30,(cos(x))+(sin((x)+(x))),4.0e-2,4.748647733345935,18.590815676526297,4.017647058823529,4.0,4.000000000000001e-2,4.81482486096809e-35
2718,200,25,(cos(x))+(sin((x)+(x))),4.0e-2,12.855745065279796,73.0061411518752,3.92,4.0,4.000000000000001e-2,4.81482486096809e-35
2719,200,29,(cos(x))+(sin((x)+(x))),4.0e-2,6.875128613491384,20.764083213401484,4.023391812865497,4.0,4.000000000000001e-2,4.81482486096809e-35
2720,200,28,(cos(x))+(sin((x)+(x))),4.0e-2,6.711103269090689,29.54883200279132,3.941860465116279,4.0,4.000000000000001e-2,4.81482486096809e-35
2721,200,26,(cos(x))+(sin((x)+(x))),4.0e-2,5.799476343390122,23.425716591818063,4.063218390804598,4.0,4.000000000000001e-2,4.81482486096809e-35
2722,200,26,(cos(x))+(sin((x)+(x))),4.0e-2,8.941587815249603,32.49299001578623,3.9597701149425286,4.0,4.000000000000001e-2,4.81482486096809e-35
2723,200,22,(cos(x))+(sin((x)+(x))),4.0e-2,6.175906476530591,18.893460224834463,3.904494382022472,4.0,4.000000000000001e-2,4.81482486096809e-35
2724,200,30,(cos(x))+(sin((x)+(x))),4.0e-2,4.368066753322319,14.862960029372681,3.888235294117647,4.0,4.000000000000001e-2,4.81482486096809e-35
2725,200,30,(cos(x))+(sin((x)+(x))),4.0e-2,4.906072314794959,19.819167617651964,3.988235294117647,4.0,4.000000000000001e-2,4.81482486096809e-35
2726,200,29,(cos(x))+(sin((x)+(x))),4.0e-2,5.108353996726905,17.634000512832458,3.8771929824561404,4.0,4.000000000000001e-2,4.81482486096809e-35
2727,200,30,(cos(x))+(sin((x)+(x))),4.0e-2,24.184493705910636,233.08802479996135,3.9058823529411764,4.0,4.000000000000001e-2,4.81482486096809e-35
2728,200,23,(cos(x))+(sin((x)+(x))),4.0e-2,6.085678760597548,20.211429169281196,3.9096045197740112,4.0,4.000000000000001e-2,4.81482486096809e-35
2729,200,22,(cos(x))+(sin((x)+(x))),4.0e-2,11.509585814455525,38.551507492937596,3.848314606741573,4.0,4.000000000000001e-2,4.81482486096809e-35
2730,200,25,(cos(x))+(sin((x)+(x))),4.0e-2,7.21288783031851,25.38576077135026,4.0,4.0,4.000000000000001e-2,4.81482486096809e-35
2731,200,22,(cos(x))+(sin((x)+(x))),4.0e-2,7.6774809078647985,24.166468114613252,3.831460674157303,4.0,4.000000000000001e-2,4.81482486096809e-35
2732,200,28,(cos(x))+(sin((x)+(x))),4.0e-2,4.618447445851783,13.782722208290085,3.994186046511628,4.0,4.000000000000001e-2,4.81482486096809e-35
2733,200,27,(cos(x))+(sin((x)+(x))),4.0e-2,7.631117901637936,27.691243197864896,3.8959537572254335,4.0,4.000000000000001e-2,4.81482486096809e-35
2734,200,25,(cos(x))+(sin((x)+(x))),4.0e-2,7.923011538385898,28.44127005205116,3.9885714285714284,4.0,4.000000000000001e-2,4.81482486096809e-35
2735,200,30,(cos(x))+(sin((x)+(x))),4.0e-2,5.998471383459086,23.357435235406953,4.076470588235294,4.0,4.000000000000001e-2,4.81482486096809e-35
2736,200,20,(cos(x))+(sin((x)+(x))),4.0e-2,9.67773963122724,29.424596171923433,3.8,4.0,4.000000000000001e-2,4.81482486096809e-35
2737,200,27,(cos(x))+(sin((x)+(x))),4.0e-2,4.408934140516543,13.684862394984826,4.017341040462428,4.0,4.000000000000001e-2,4.81482486096809e-35
2738,200,23,(cos(x))+(sin((x)+(x))),4.0e-2,5.8454502430331265,18.453930843150108,3.847457627118644,4.0,4.000000000000001e-2,4.81482486096809e-35
2739,200,31,(cos(x))+(sin((x)+(x))),4.0e-2,6.032661227712145,22.79727130122216,4.094674556213017,4.0,4.000000000000001e-2,4.81482486096809e-35
2740,200,25,(cos(x))+(sin((x)+(x))),4.0e-2,4.566725477038729,13.284991744565477,3.96,4.0,4.000000000000001e-2,4.81482486096809e-35
2741,200,24,(cos(x))+(sin((x)+(x))),4.0e-2,7.026144850025838,20.520708963040647,3.8806818181818183,4.0,4.000000000000001e-2,4.81482486096809e-35
2742,200,24,(cos(x))+(sin((x)+(x))),4.0e-2,6.315427270821218,23.240794990114644,3.909090909090909,4.0,4.000000000000001e-2,4.81482486096809e-35
2743,200,22,(cos(x))+(sin((x)+(x))),4.0e-2,6.590222492002851,24.023087758201225,3.9719101123595504,4.0,4.000000000000001e-2,4.81482486096809e-35
2744,200,22,(cos(x))+(sin((x)+(x))),4.0e-2,5.593855963865071,21.43027032023263,3.893258426966292,4.0,4.000000000000001e-2,4.81482486096809e-35
2745,200,25,(cos(x))+(sin((x)+(x))),4.0e-2,6.021369349479042,16.50136963152291,3.9257142857142857,4.0,4.000000000000001e-2,4.81482486096809e-35
2746,200,24,(cos(x))+(sin((x)+(x))),4.0e-2,7.924725466298676,26.959532591472787,3.8693181818181817,4.0,4.000000000000001e-2,4.81482486096809e-35
2747,200,28,(cos(x))+(sin((x)+(x))),4.0e-2,5.572770433229256,17.504024160547306,3.9825581395348837,4.0,4.000000000000001e-2,4.81482486096809e-35
2748,200,31,(cos(x))+(sin((x)+(x))),4.0e-2,4.571579761201102,14.541208683148811,4.023668639053255,4.0,4.000000000000001e-2,4.81482486096809e-35
2749,200,28,(cos(x))+(sin((x)+(x))),4.0e-2,5.839385471187382,18.94274391127684,3.877906976744186,4.0,4.000000000000001e-2,4.81482486096809e-35
2750,200,34,(cos(x))+(sin((x)+(x))),4.0e-2,5.422735014752356,18.332393073498977,3.9759036144578315,4.0,4.000000000000001e-2,4.81482486096809e-35
2751,200,28,(cos(x))+(sin((x)+(x))),4.0e-2,8.043798960184978,26.48421352507225,4.0,4.0,4.000000000000001e-2,4.81482486096809e-35
2752,200,24,(cos(x))+(sin((x)+(x))),4.0e-2,8.608033882583449,27.10377363203351,3.909090909090909,4.0,4.000000000000001e-2,4.81482486096809e-35
2753,200,27,(cos(x))+(sin((x)+(x))),4.0e-2,5.022541782700825,18.16937160513925,3.994219653179191,4.0,4.000000000000001e-2,4.81482486096809e-35
2754,200,25,(cos(x))+(sin((x)+(x))),4.0e-2,6.4329755617343345,19.81022710041725,3.914285714285714,4.0,4.000000000000001e-2,4.81482486096809e-35
2755,200,29,(cos(x))+(sin((x)+(x))),4.0e-2,6.543341218798498,21.09837114070451,3.9649122807017543,4.0,4.000000000000001e-2,4.81482486096809e-35
2756,200,28,(cos(x))+(sin((x)+(x))),4.0e-2,3.9618386164756014,12.708392455167571,3.9302325581395348,4.0,4.000000000000001e-2,4.81482486096809e-35
2757,200,24,(cos(x))+(sin((x)+(x))),4.0e-2,8.965708491589176,44.62469893092339,3.9318181818181817,4.0,4.000000000000001e-2,4.81482486096809e-35
2758,200,19,(cos(x))+(sin((x)+(x))),4.0e-2,7.321333075156607,20.529782110626726,3.856353591160221,4.0,4.000000000000001e-2,4.81482486096809e-35
2759,200,31,(cos(x))+(sin((x)+(x))),4.0e-2,4.107106275187179,17.46379654030883,3.9940828402366866,4.0,4.000000000000001e-2,4.81482486096809e-35
2760,200,31,(cos(x))+(sin((x)+(x))),4.0e-2,5.6470842038059725,17.876971307316488,3.8875739644970415,4.0,4.000000000000001e-2,4.81482486096809e-35
2761,200,29,(cos(x))+(sin((x)+(x))),4.0e-2,7.15384365817669,23.978330849805566,3.9941520467836256,4.0,4.000000000000001e-2,4.81482486096809e-35
2762,200,30,(cos(x))+(sin((x)+(x))),4.0e-2,7.834571898232673,28.92760611086734,3.9352941176470586,4.0,4.000000000000001e-2,4.81482486096809e-35
2763,200,27,(cos(x))+(sin((x)+(x))),4.0e-2,8.507487314538988,27.722807765883633,3.9248554913294798,4.0,4.000000000000001e-2,4.81482486096809e-35
2764,200,31,(cos(x))+(sin((x)+(x))),4.0e-2,4.089450016163129,12.570930615330148,3.9526627218934913,4.0,4.000000000000001e-2,4.81482486096809e-35
2765,200,26,(cos(x))+(sin((x)+(x))),4.0e-2,5.733546456182161,24.7300641197449,3.9885057471264367,4.0,4.000000000000001e-2,4.81482486096809e-35
2766,200,29,(cos(x))+(sin((x)+(x))),4.0e-2,7.7657836241571285,28.590878927016405,3.9473684210526314,4.0,4.000000000000001e-2,4.81482486096809e-35
2767,200,28,(cos(x))+(sin((x)+(x))),4.0e-2,4.242973662644847,15.23826742053766,3.9709302325581395,4.0,4.000000000000001e-2,4.81482486096809e-35
2768,200,24,(cos(x))+(sin((x)+(x))),4.0e-2,5.727589924827676,16.325655716851756,3.977272727272727,4.0,4.000000000000001e-2,4.81482486096809e-35
2769,200,23,(cos(x))+(sin((x)+(x))),4.0e-2,6.993630495399127,21.524186637142517,4.056497175141243,4.0,4.000000000000001e-2,4.81482486096809e-35
2770,200,24,(cos(x))+(sin((x)+(x))),4.0e-2,9.634972638833089,29.7758536932773,3.9431818181818183,4.0,4.000000000000001e-2,4.81482486096809e-35
2771,200,26,(cos(x))+(sin((x)+(x))),4.0e-2,4.6172377277180825,12.977618766456668,3.8620689655172415,4.0,4.000000000000001e-2,4.81482486096809e-35
2772,200,30,(cos(x))+(sin((x)+(x))),4.0e-2,5.169035051048104,19.2076300023098,4.047058823529412,4.0,4.000000000000001e-2,4.81482486096809e-35
2773,200,28,(cos(x))+(sin((x)+(x))),4.0e-2,5.717041203186303,17.55849036231945,3.9302325581395348,4.0,4.000000000000001e-2,4.81482486096809e-35
2774,200,25,(cos(x))+(sin((x)+(x))),4.0e-2,7.554730016907116,25.98448475486255,3.9314285714285715,4.0,4.000000000000001e-2,4.81482486096809e-35
2775,200,30,(cos(x))+(sin((x)+(x))),4.0e-2,4.515160513790493,14.234002627505642,3.988235294117647,4.0,4.000000000000001e-2,4.81482486096809e-35
2776,200,24,(cos(x))+(sin((x)+(x))),4.0e-2,8.989897884788268,27.994824630714792,3.9886363636363638,4.0,4.000000000000001e-2,4.81482486096809e-35
2777,200,22,(cos(x))+(sin((x)+(x))),4.0e-2,46.31895687193833,531.524011718192,3.8764044943820224,4.0,4.000000000000001e-2,4.81482486096809e-35
2778,200,23,(cos(x))+(sin((x)+(x))),4.0e-2,5.48462179060644,19.722442931136243,3.853107344632768,4.0,4.000000000000001e-2,4.81482486096809e-35
2779,200,23,(cos(x))+(sin((x)+(x))),4.0e-2,5.787994355391042,17.156538299165945,3.9152542372881354,4.0,4.000000000000001e-2,4.81482486096809e-35
2780,200,25,(cos(x))+(sin((x)+(x))),4.0e-2,6.462237296913771,22.75206978647854,3.9714285714285715,4.0,4.000000000000001e-2,4.81482486096809e-35
2781,200,24,(cos(x))+(sin((x)+(x))),4.0e-2,5.4451760443287,14.435974483119924,3.971590909090909,4.0,4.000000000000001e-2,4.81482486096809e-35
2782,200,27,(cos(x))+(sin((x)+(x))),4.0e-2,4.80787150673945,18.071317341481013,4.0,4.0,4.000000000000001e-2,4.81482486096809e-35
2783,200,23,(cos(x))+(sin((x)+(x))),4.0e-2,6.692365684608477,23.058644667425078,3.9322033898305087,4.0,4.000000000000001e-2,4.81482486096809e-35
2784,200,22,(cos(x))+(sin((x)+(x))),4.0e-2,7.381354106644244,25.083099870205704,3.893258426966292,4.0,4.000000000000001e-2,4.81482486096809e-35
2785,200,24,(cos(x))+(sin((x)+(x))),4.0e-2,6.710516610734368,21.876340465538167,3.903409090909091,4.0,4.000000000000001e-2,4.81482486096809e-35
2786,200,28,(cos(x))+(sin((x)+(x))),4.0e-2,5.353452658885586,19.623113826742628,3.9651162790697674,4.0,4.000000000000001e-2,4.81482486096809e-35
2787,200,23,(cos(x))+(sin((x)+(x))),4.0e-2,40.10991333490285,324.11579765098,3.9548022598870056,4.0,4.000000000000001e-2,4.81482486096809e-35
2788,200,27,(cos(x))+(sin((x)+(x))),4.0e-2,6.357630858604556,23.53297561894592,3.953757225433526,4.0,4.000000000000001e-2,4.81482486096809e-35
2789,200,31,(cos(x))+(sin((x)+(x))),4.0e-2,2.718098672116718,10.151293910199097,4.005917159763314,4.0,4.000000000000001e-2,4.81482486096809e-35
2790,200,31,(cos(x))+(sin((x)+(x))),4.0e-2,5.167029782030148,19.523106705378417,4.059171597633136,4.0,4.000000000000001e-2,4.81482486096809e-35
2791,200,23,(cos(x))+(sin((x)+(x))),4.0e-2,7.361552367249899,23.82281125022854,3.9604519774011298,4.0,4.000000000000001e-2,4.81482486096809e-35
2792,200,32,(cos(x))+(sin((x)+(x))),4.0e-2,3.7969477378263665,16.411533093499365,4.035714285714286,4.0,4.000000000000001e-2,4.81482486096809e-35
2793,200,32,(cos(x))+(sin((x)+(x))),4.0e-2,6.825200759850231,43.069713436470394,3.9464285714285716,4.0,4.000000000000001e-2,4.81482486096809e-35
2794,200,25,(cos(x))+(sin((x)+(x))),4.0e-2,5.476997964607451,17.998057152348586,3.96,4.0,4.000000000000001e-2,4.81482486096809e-35
2795,200,26,(cos(x))+(sin((x)+(x))),4.0e-2,7.93833013342782,31.04360654843108,3.9827586206896552,4.0,4.000000000000001e-2,4.81482486096809e-35
2796,200,28,(cos(x))+(sin((x)+(x))),4.0e-2,2483.277468129623,32389.05916288184,4.058139534883721,4.0,4.000000000000001e-2,4.81482486096809e-35
2797,200,24,(cos(x))+(sin((x)+(x))),4.0e-2,6.92228990705126,22.358998060120364,3.8806818181818183,4.0,4.000000000000001e-2,4.81482486096809e-35
2798,200,26,(cos(x))+(sin((x)+(x))),4.0e-2,8.454819580257551,36.60753963664387,3.9482758620689653,4.0,4.000000000000001e-2,4.81482486096809e-35
2799,200,25,(cos(x))+(sin((x)+(x))),4.0e-2,7.907166696076594,32.559972482027156,3.9371428571428573,4.0,4.000000000000001e-2,4.81482486096809e-35
2800,200,27,(cos(x))+(sin((x)+(x))),4.0e-2,5.982632017065931,17.954811485801205,3.901734104046243,4.0,4.000000000000001e-2,4.81482486096809e-35
2801,200,33,(cos(x))+(sin((x)+(x))),4.0e-2,5.625833606956172,19.933873201366705,3.9940119760479043,4.0,4.000000000000001e-2,4.81482486096809e-35
2802,200,23,(cos(x))+(sin((x)+(x))),4.0e-2,11.773242597473281,48.61373497025188,3.9096045197740112,4.0,4.000000000000001e-2,4.81482486096809e-35
2803,200,29,(cos(x))+(sin((x)+(x))),4.0e-2,6.010627044953262,24.16624929159576,3.8947368421052633,4.0,4.000000000000001e-2,4.81482486096809e-35
2804,200,32,(cos(x))+(sin((x)+(x))),4.0e-2,6.467453754607301,22.888373237488654,3.9226190476190474,4.0,4.000000000000001e-2,4.81482486096809e-35
2805,200,22,(cos(x))+(sin((x)+(x))),4.0e-2,10.089146888310214,45.80512612890167,4.084269662921348,4.0,4.000000000000001e-2,4.81482486096809e-35
2806,200,23,(cos(x))+(sin((x)+(x))),4.0e-2,7.907246060255069,28.197426583745028,3.926553672316384,4.0,4.000000000000001e-2,4.81482486096809e-35
2807,200,28,(cos(x))+(sin((x)+(x))),4.0e-2,5.784486523479175,17.305276855107685,3.9127906976744184,4.0,4.000000000000001e-2,4.81482486096809e-35
2808,200,27,(cos(x))+(sin((x)+(x))),4.0e-2,8.347190931662118,25.374093089499134,3.9653179190751446,4.0,4.000000000000001e-2,4.81482486096809e-35
2809,200,28,(cos(x))+(sin((x)+(x))),4.0e-2,5.936501755499903,21.67971635190733,3.988372093023256,4.0,4.000000000000001e-2,4.81482486096809e-35
2810,200,23,(cos(x))+(sin((x)+(x))),4.0e-2,6.536156206010484,21.7555049796139,3.9604519774011298,4.0,4.000000000000001e-2,4.81482486096809e-35
2811,200,25,(cos(-(x)))+(sin((x)+(x))),4.0e-2,4.464690642249899,16.772485085152237,3.902857142857143,4.0,4.000000000000001e-2,4.81482486096809e-35
2812,200,24,(cos(x))+(sin((x)+(x))),4.0e-2,7.674638352374882,25.118091717769865,3.971590909090909,4.0,4.000000000000001e-2,4.81482486096809e-35
2813,200,30,(cos(x))+(sin((x)+(x))),4.0e-2,5.71251813741238,21.93473314739168,3.9176470588235293,4.0,4.000000000000001e-2,4.81482486096809e-35
2814,200,25,(cos(x))+(sin((x)+(x))),4.0e-2,7.0505416342931895,23.747420061637055,3.862857142857143,4.0,4.000000000000001e-2,4.81482486096809e-35
2815,200,26,(cos(x))+(sin((x)+(x))),4.0e-2,5.253160333410208,15.889224121334943,3.9482758620689653,4.0,4.000000000000001e-2,4.81482486096809e-35
2816,200,28,(cos(x))+(sin((x)+(x))),4.0e-2,22.651889567126023,232.64237031981753,3.994186046511628,4.0,4.000000000000001e-2,4.81482486096809e-35
2817,200,29,(cos(x))+(sin((x)+(x))),4.0e-2,4.515637580404643,17.93641076039143,3.9590643274853803,4.0,4.000000000000001e-2,4.81482486096809e-35
2818,200,32,(cos(x))+(sin((x)+(x))),4.0e-2,4.524351942349013,18.209585876957938,3.9761904761904763,4.0,4.000000000000001e-2,4.81482486096809e-35
2819,200,32,(cos(x))+(sin((x)+(x))),4.0e-2,3.9212400750468213,16.70635125917912,3.9166666666666665,4.0,4.000000000000001e-2,4.81482486096809e-35
2820,200,29,(cos(x))+(sin((x)+(x))),4.0e-2,5.873761797210468,23.753636953506405,3.9473684210526314,4.0,4.000000000000001e-2,4.81482486096809e-35
2821,200,26,(cos(x))+(sin((x)+(x))),4.0e-2,5.132971714169662,15.141267964182454,3.8735632183908044,4.0,4.000000000000001e-2,4.81482486096809e-35
2822,200,35,(cos(x))+(sin((x)+(x))),4.0e-2,4.891855779604064,19.66829200450331,4.0,4.0,4.000000000000001e-2,4.81482486096809e-35
2823,200,30,(cos(x))+(sin((x)+(x))),4.0e-2,4.664276820887655,18.67373761975803,3.9647058823529413,4.0,4.000000000000001e-2,4.81482486096809e-35
2824,200,32,(cos(x))+(sin((x)+(x))),4.0e-2,4.438981563508665,16.70364112110131,3.994047619047619,4.0,4.000000000000001e-2,4.81482486096809e-35
2825,200,22,(cos(abs(x)))+(sin((x)+(x))),4.0e-2,5.5526639002299625,20.410112743526742,3.99438202247191,4.0,4.000000000000001e-2,4.81482486096809e-35
2826,200,30,(cos(x))+(sin((x)+(x))),4.0e-2,5.810186350842754,21.399459826111833,3.988235294117647,4.0,4.000000000000001e-2,4.81482486096809e-35
2827,200,31,(cos(x))+(sin((x)+(x))),4.0e-2,7.490854618783722,33.856531093252215,3.911242603550296,4.0,4.000000000000001e-2,4.81482486096809e-35
2828,200,30,(cos(x))+(sin((x)+(x))),4.0e-2,5.295895640932628,25.845335211557668,3.9352941176470586,4.0,4.000000000000001e-2,4.81482486096809e-35
2829,200,26,(cos(x))+(sin((x)+(x))),4.0e-2,6.360595410780724,22.54525644279378,3.9022988505747125,4.0,4.000000000000001e-2,4.81482486096809e-35
2830,200,21,(cos(x))+(sin((x)+(x))),4.0e-2,6.023389996004981,20.450939776149312,3.899441340782123,4.0,4.000000000000001e-2,4.81482486096809e-35
2831,200,26,(cos(x))+(sin((x)+(x))),4.0e-2,5.954933408161459,20.30813420888703,3.9597701149425286,4.0,4.000000000000001e-2,4.81482486096809e-35
2832,200,23,(cos(x))+(sin((x)+(x))),4.0e-2,6.854204490044557,19.632701454307863,3.9604519774011298,4.0,4.000000000000001e-2,4.81482486096809e-35
2833,200,29,(cos(x))+(sin((x)+(x))),4.0e-2,6.534575883871198,29.31137407723819,3.9883040935672516,4.0,4.000000000000001e-2,4.81482486096809e-35
2834,200,32,(cos(x))+(sin((x)+(x))),4.0e-2,6.135976094257477,21.924542436796997,3.9523809523809526,4.0,4.000000000000001e-2,4.81482486096809e-35
2835,200,33,(cos(x))+(sin((x)+(x))),4.0e-2,7.4342382231638435,35.977054820157,4.0359281437125745,4.0,4.000000000000001e-2,4.81482486096809e-35
2836,200,34,(cos(x))+(sin((x)+(x))),4.0e-2,5.854910340461697,32.813335155681955,3.963855421686747,4.0,4.000000000000001e-2,4.81482486096809e-35
2837,200,22,(cos(x))+(sin((x)+(x))),4.0e-2,7.464161286104755,29.418548293353698,3.9269662921348316,4.0,4.000000000000001e-2,4.81482486096809e-35
2838,200,23,(cos(x))+(sin((x)+(x))),4.0e-2,5.971211493245497,20.534899835346444,3.8870056497175143,4.0,4.000000000000001e-2,4.81482486096809e-35
2839,200,28,(cos(x))+(sin((x)+(x))),4.0e-2,5.835631173282755,16.490351464476383,3.9127906976744184,4.0,4.000000000000001e-2,4.81482486096809e-35
2840,200,25,(cos(x))+(sin((x)+(x))),4.0e-2,7.7654135970379645,26.332870248050202,4.1085714285714285,4.0,4.000000000000001e-2,4.81482486096809e-35
2841,200,23,(cos(x))+(sin((x)+(x))),4.0e-2,5.565279887917321,18.192058746487938,3.9604519774011298,4.0,4.000000000000001e-2,4.81482486096809e-35
2842,200,29,(cos(x))+(sin((x)+(x))),4.0e-2,6.193140838601973,28.06954794141857,4.087719298245614,4.0,4.000000000000001e-2,4.81482486096809e-35
2843,200,32,(cos(x))+(sin((x)+(x))),4.0e-2,3.525426588449561,13.497575064544169,4.089285714285714,4.0,4.000000000000001e-2,4.81482486096809e-35
2844,200,23,(cos(x))+(sin((x)+(x))),4.0e-2,6.2981675561068675,19.709272957892864,3.903954802259887,4.0,4.000000000000001e-2,4.81482486096809e-35
2845,200,25,(cos(x))+(sin((x)+(x))),4.0e-2,5.872626336999073,16.46790586972702,3.96,4.0,4.000000000000001e-2,4.81482486096809e-35
2846,200,27,(cos(x))+(sin((x)+(x))),4.0e-2,6.58820801537755,21.24732634972109,3.9248554913294798,4.0,4.000000000000001e-2,4.81482486096809e-35
2847,200,32,(cos(x))+(sin((x)+(x))),4.0e-2,3.387887737885371,10.950937723848705,3.8988095238095237,4.0,4.000000000000001e-2,4.81482486096809e-35
2848,200,24,(cos(x))+(sin((x)+(x))),4.0e-2,7.0737942277304,24.447910389583782,3.8806818181818183,4.0,4.000000000000001e-2,4.81482486096809e-35
2849,200,24,(cos(x))+(sin((x)+(x))),4.0e-2,7.520839812305822,26.753638026987794,3.9261363636363638,4.0,4.000000000000001e-2,4.81482486096809e-35
2850,200,28,(cos(x))+(sin((x)+(x))),4.0e-2,5.491182639614859,19.366525846314637,3.9127906976744184,4.0,4.000000000000001e-2,4.81482486096809e-35
2851,200,23,(cos(x))+(sin((x)+(x))),4.0e-2,6.992932810207872,20.043359576203365,3.903954802259887,4.0,4.000000000000001e-2,4.81482486096809e-35
2852,200,24,(cos(x))+(sin((x)+(x))),4.0e-2,5.752001144846806,21.830140112427806,4.0,4.0,4.000000000000001e-2,4.81482486096809e-35
2853,200,33,(cos(x))+(sin((x)+(x))),4.0e-2,5.652796610990428,20.471462501874537,3.970059880239521,4.0,4.000000000000001e-2,4.81482486096809e-35
2854,200,28,(cos(x))+(sin((x)+(x))),4.0e-2,5.74247776067855,17.935529122734476,3.994186046511628,4.0,4.000000000000001e-2,4.81482486096809e-35
2855,200,27,(cos(x))+(sin((x)+(x))),4.0e-2,8.652111984731812,35.156561546630414,3.9190751445086707,4.0,4.000000000000001e-2,4.81482486096809e-35
2856,200,25,(cos(x))+(sin((x)+(x))),4.0e-2,5.051552937081304,18.52810634033084,3.92,4.0,4.000000000000001e-2,4.81482486096809e-35
2857,200,27,(cos(x))+(sin((x)+(x))),4.0e-2,4.262859654284662,12.860946701938222,3.976878612716763,4.0,4.000000000000001e-2,4.81482486096809e-35
2858,200,29,(cos(x))+(sin((x)+(x))),4.0e-2,4.467756768107271,18.339688256007502,3.9473684210526314,4.0,4.000000000000001e-2,4.81482486096809e-35
2859,200,27,(cos(x))+(sin((x)+(x))),4.0e-2,6.084803674407035,19.32462623810862,4.0,4.0,4.000000000000001e-2,4.81482486096809e-35
2860,200,22,(cos(x))+(sin((x)+(x))),4.0e-2,11.073493082421498,56.442505410051,4.022471910112359,4.0,4.000000000000001e-2,4.81482486096809e-35
2861,200,28,(cos(x))+(sin((x)+(x))),4.0e-2,6.93380057267401,27.22295038986533,4.011627906976744,4.0,4.000000000000001e-2,4.81482486096809e-35
2862,200,21,(cos(x))+(sin((x)+(x))),4.0e-2,8.548059844502607,24.004715553313265,3.888268156424581,4.0,4.000000000000001e-2,4.81482486096809e-35
2863,200,22,(cos(x))+(sin((x)+(x))),4.0e-2,11.691501572154419,66.11874338538219,3.9101123595505616,4.0,4.000000000000001e-2,4.81482486096809e-35
2864,200,29,(cos(x))+(sin((x)+(x))),4.0e-2,5.124787320856802,14.36305394306427,3.8947368421052633,4.0,4.000000000000001e-2,4.81482486096809e-35
2865,200,26,(cos(x))+(sin((x)+(x))),4.0e-2,4.4888642291029095,13.705318373912846,3.942528735632184,4.0,4.000000000000001e-2,4.81482486096809e-35
2866,200,31,(cos(x))+(sin((x)+(x))),4.0e-2,7.399259091122252,29.428937337510053,3.9585798816568047,4.0,4.000000000000001e-2,4.81482486096809e-35
2867,200,29,(cos(x))+(sin((x)+(x))),4.0e-2,4.7314886652444175,18.165460448357557,3.888888888888889,4.0,4.000000000000001e-2,4.81482486096809e-35
2868,200,28,(cos(x))+(sin((x)+(x))),4.0e-2,4.357493055147178,13.40885374053772,3.883720930232558,4.0,4.000000000000001e-2,4.81482486096809e-35
2869,200,23,(cos(x))+(sin((x)+(x))),4.0e-2,6.129364639886323,16.26495449224771,3.9096045197740112,4.0,4.000000000000001e-2,4.81482486096809e-35
2870,200,26,(cos(x))+(sin((x)+(x))),4.0e-2,6.474317858036856,20.294368231918916,4.011494252873563,4.0,4.000000000000001e-2,4.81482486096809e-35
2871,200,28,(cos(x))+(sin((x)+(x))),4.0e-2,6.666827174881511,23.24709508059426,3.994186046511628,4.0,4.000000000000001e-2,4.81482486096809e-35
2872,200,30,(cos(x))+(sin((x)+(x))),4.0e-2,6.8491997597742955,21.767445881331035,3.9352941176470586,4.0,4.000000000000001e-2,4.81482486096809e-35
2873,200,26,(cos(x))+(sin((x)+(x))),4.0e-2,4.879028409865618,13.15465962141394,4.0344827586206895,4.0,4.000000000000001e-2,4.81482486096809e-35
2874,200,29,(cos(x))+(sin((x)+(x))),4.0e-2,4.564507186520315,13.450315044605132,3.9005847953216373,4.0,4.000000000000001e-2,4.81482486096809e-35
2875,200,27,(cos(x))+(sin((x)+(x))),4.0e-2,7.844573474398191,23.648488206617383,3.8728323699421967,4.0,4.000000000000001e-2,4.81482486096809e-35
2876,200,30,(cos(x))+(sin((x)+(x))),4.0e-2,7.731491817286337,27.471784371048205,3.9352941176470586,4.0,4.000000000000001e-2,4.81482486096809e-35
2877,200,25,(cos(x))+(sin((x)+(x))),4.0e-2,7.442669322956449,24.643189871847785,3.9771428571428573,4.0,4.000000000000001e-2,4.81482486096809e-35
2878,200,23,(cos(x))+(sin((x)+(x))),4.0e-2,8.496667299021704,29.227106602727687,3.8079096045197742,4.0,4.000000000000001e-2,4.81482486096809e-35
2879,200,28,(cos(x))+(sin((x)+(x))),4.0e-2,5.841321168239529,17.828665191852142,4.0,4.0,4.000000000000001e-2,4.81482486096809e-35
2880,200,28,(cos(x))+(sin((x)+(x))),4.0e-2,5.638598789987555,20.20942031464243,3.936046511627907,4.0,4.000000000000001e-2,4.81482486096809e-35
2881,200,32,(cos(x))+(sin((x)+(x))),4.0e-2,3.256028407363913,11.031677361232276,4.089285714285714,4.0,4.000000000000001e-2,4.81482486096809e-35
2882,200,29,(cos(x))+(sin((x)+(x))),4.0e-2,6.619140507694371,23.345345541780603,4.052631578947368,4.0,4.000000000000001e-2,4.81482486096809e-35
2883,200,24,(cos(x))+(sin((x)+(x))),4.0e-2,8.819994987673333,30.021611264252627,3.7954545454545454,4.0,4.000000000000001e-2,4.81482486096809e-35
2884,200,32,(cos(x))+(sin((x)+(x))),4.0e-2,4.196102535295676,12.573163626888071,3.9642857142857144,4.0,4.000000000000001e-2,4.81482486096809e-35
2885,200,32,(cos(x))+(sin((x)+(x))),4.0e-2,5.245057760354217,15.405070332155885,3.880952380952381,4.0,4.000000000000001e-2,4.81482486096809e-35
2886,200,22,(cos(x))+(sin((x)+(x))),4.0e-2,7.474844387412802,26.981749725815916,3.966292134831461,4.0,4.000000000000001e-2,4.81482486096809e-35
2887,200,26,(cos(x))+(sin((x)+(x))),4.0e-2,6.164873214756407,19.413684282968415,4.0,4.0,4.000000000000001e-2,4.81482486096809e-35
2888,200,20,(cos(x))+(sin((x)+(x))),4.0e-2,7.497204711070236,24.226841637108098,3.9277777777777776,4.0,4.000000000000001e-2,4.81482486096809e-35
2889,200,26,(cos(x))+(sin((x)+(x))),4.0e-2,4.809555993038209,14.203552219395043,3.9195402298850577,4.0,4.000000000000001e-2,4.81482486096809e-35
2890,200,26,(cos(x))+(sin((x)+(x))),4.0e-2,6.492524339392673,25.398480614024894,3.9367816091954024,4.0,4.000000000000001e-2,4.81482486096809e-35
2891,200,30,(cos(x))+(sin((x)+(x))),4.0e-2,4.537142736733779,22.950734055362197,4.0588235294117645,4.0,4.000000000000001e-2,4.81482486096809e-35
2892,200,24,(cos(x))+(sin((x)+(x))),4.0e-2,6.979359952772617,23.95711963649525,3.909090909090909,4.0,4.000000000000001e-2,4.81482486096809e-35
2893,200,31,(cos(x))+(sin((x)+(x))),4.0e-2,5.411638989856132,18.510959271453427,3.9467455621301775,4.0,4.000000000000001e-2,4.81482486096809e-35
2894,200,30,(cos(x))+(sin((x)+(x))),4.0e-2,7.065376094379015,35.940646122373664,3.911764705882353,4.0,4.000000000000001e-2,4.81482486096809e-35
2895,200,27,(cos(x))+(sin((x)+(x))),4.0e-2,8.598495236232406,42.546049867525866,3.953757225433526,4.0,4.000000000000001e-2,4.81482486096809e-35
2896,200,27,(cos(x))+(sin((x)+(x))),4.0e-2,14.24177032036164,122.95596444315389,3.8901734104046244,4.0,4.000000000000001e-2,4.81482486096809e-35
2897,200,27,(cos(x))+(sin((x)+(x))),4.0e-2,8.291187648512876,28.21662946169577,3.930635838150289,4.0,4.000000000000001e-2,4.81482486096809e-35
2898,200,26,(cos(x))+(sin((x)+(x))),4.0e-2,7.791162057569207,24.507690129214165,3.925287356321839,4.0,4.000000000000001e-2,4.81482486096809e-35
2899,200,19,(cos(x))+(sin((x)+(x))),4.0e-2,8.49069140753946,27.07632251142691,3.9613259668508287,4.0,4.000000000000001e-2,4.81482486096809e-35
2900,200,25,(cos(x))+(sin((x)+(x))),4.0e-2,9.135491685078085,31.840258640992303,3.8971428571428572,4.0,4.000000000000001e-2,4.81482486096809e-35
2901,200,28,(cos(x))+(sin((x)+(x))),4.0e-2,22.627499013188572,233.60185487182824,4.0,4.0,4.000000000000001e-2,4.81482486096809e-35
2902,200,25,(cos(x))+(sin((x)+(x))),4.0e-2,6.522019347268923,24.135212036317565,4.04,4.0,4.000000000000001e-2,4.81482486096809e-35
2903,200,27,(cos(x))+(sin((x)+(x))),4.0e-2,9.377319085401215,36.54929948617171,3.8959537572254335,4.0,4.000000000000001e-2,4.81482486096809e-35
2904,200,25,(cos(x))+(sin((x)+(x))),4.0e-2,9.75433627151369,36.22459364419764,3.8514285714285714,4.0,4.000000000000001e-2,4.81482486096809e-35
2905,200,28,(cos(x))+(sin((x)+(x))),4.0e-2,5.476526012829182,19.104385020306648,3.988372093023256,4.0,4.000000000000001e-2,4.81482486096809e-35
2906,200,30,(cos(x))+(sin((x)+(x))),4.0e-2,8.889484775062327,29.101735445190958,3.9529411764705884,4.0,4.000000000000001e-2,4.81482486096809e-35
2907,200,27,(cos(x))+(sin((x)+(x))),4.0e-2,4.448440698388401,13.504621139378871,3.884393063583815,4.0,4.000000000000001e-2,4.81482486096809e-35
2908,200,27,(cos(x))+(sin((x)+(x))),4.0e-2,5.927025759454077,29.894246936794747,3.947976878612717,4.0,4.000000000000001e-2,4.81482486096809e-35
2909,200,27,(cos(x))+(sin((x)+(x))),4.0e-2,17.998889752062013,164.31456566697355,3.9884393063583814,4.0,4.000000000000001e-2,4.81482486096809e-35
2910,200,31,(cos(x))+(sin((x)+(x))),4.0e-2,5.324941397172991,19.449436607774377,3.9763313609467454,4.0,4.000000000000001e-2,4.81482486096809e-35
2911,200,19,(cos(x))+(sin((x)+(x))),4.0e-2,8.022965603244511,35.78204465076927,3.9337016574585637,4.0,4.000000000000001e-2,4.81482486096809e-35
2912,200,26,(cos(x))+(sin((x)+(x))),4.0e-2,6.181675923579996,15.310326776984756,3.925287356321839,4.0,4.000000000000001e-2,4.81482486096809e-35
2913,200,34,(cos(x))+(sin((x)+(x))),4.0e-2,4.543329005238465,15.395686532626762,3.8734939759036147,4.0,4.000000000000001e-2,4.81482486096809e-35
2914,200,30,(cos(x))+(sin((x)+(x))),4.0e-2,5.50295384424425,18.432341887168466,3.9647058823529413,4.0,4.000000000000001e-2,4.81482486096809e-35
2915,200,24,(cos(x))+(sin((x)+(x))),4.0e-2,7.0736104959524475,26.51799652991188,3.9261363636363638,4.0,4.000000000000001e-2,4.81482486096809e-35
2916,200,27,(cos(x))+(sin((x)+(x))),4.0e-2,1292.622670806666,16891.77732349498,3.9248554913294798,4.0,4.000000000000001e-2,4.81482486096809e-35
2917,200,22,(cos(x))+(sin((x)+(x))),4.0e-2,7.842776736524404,25.032505172219203,3.99438202247191,4.0,4.000000000000001e-2,4.81482486096809e-35
2918,200,25,(cos(x))+(sin((x)+(x))),4.0e-2,6.769199661934242,20.425479765890056,3.8914285714285715,4.0,4.000000000000001e-2,4.81482486096809e-35
2919,200,25,(cos(x))+(sin((x)+(x))),4.0e-2,5.928439980369491,31.54235964998872,4.08,4.0,4.000000000000001e-2,4.81482486096809e-35
2920,200,27,(cos(x))+(sin((x)+(x))),4.0e-2,6.057848810855412,22.0711459321315,3.947976878612717,4.0,4.000000000000001e-2,4.81482486096809e-35
2921,200,24,(cos(x))+(sin((x)+(x))),4.0e-2,5.465138086189869,15.096294593503211,3.9545454545454546,4.0,4.000000000000001e-2,4.81482486096809e-35
2922,200,30,(cos(x))+(sin((x)+(x))),4.0e-2,4.903635417580025,17.888974226433394,3.947058823529412,4.0,4.000000000000001e-2,4.81482486096809e-35
2923,200,28,(cos(-(x)))+(sin((x)+(x))),4.0e-2,5.50284344292547,21.269408882793584,3.9302325581395348,4.0,4.000000000000001e-2,4.81482486096809e-35
2924,200,26,(cos(x))+(sin((x)+(x))),4.0e-2,7.584731696717546,33.69783563401616,4.017241379310345,4.0,4.000000000000001e-2,4.81482486096809e-35
2925,200,32,(cos(x))+(sin((x)+(x))),4.0e-2,9.470727134643834,48.30815638381927,3.9285714285714284,4.0,4.000000000000001e-2,4.81482486096809e-35
2926,200,26,(cos(-(x)))+(sin((x)+(x))),4.0e-2,6.2549124769944875,25.607870786732494,4.074712643678161,4.0,4.000000000000001e-2,4.81482486096809e-35
2927,200,23,(cos(x))+(sin((x)+(x))),4.0e-2,6.611310593162493,20.146202545300238,3.8135593220338984,4.0,4.000000000000001e-2,4.81482486096809e-35
2928,200,28,(cos(x))+(sin((x)+(x))),4.0e-2,3.6517578230006373,11.303046000451394,3.936046511627907,4.0,4.000000000000001e-2,4.81482486096809e-35
2929,200,23,(cos(x))+(sin((x)+(x))),4.0e-2,8.229053108320992,22.729795709343108,3.864406779661017,4.0,4.000000000000001e-2,4.81482486096809e-35
2930,200,27,(cos(x))+(sin((x)+(x))),4.0e-2,6.3820407110833575,23.623160786477182,4.0,4.0,4.000000000000001e-2,4.81482486096809e-35
2931,200,27,(cos(x))+(sin((x)+(x))),4.0e-2,9.565253955600856,34.52476370186101,3.930635838150289,4.0,4.000000000000001e-2,4.81482486096809e-35
2932,200,26,(cos(x))+(sin((x)+(x))),4.0e-2,7.391305808719647,25.996212652199805,3.954022988505747,4.0,4.000000000000001e-2,4.81482486096809e-35
2933,200,27,(cos(x))+(sin((x)+(x))),4.0e-2,7.9641079664561865,23.284537608808577,3.832369942196532,4.0,4.000000000000001e-2,4.81482486096809e-35
2934,200,30,(cos(x))+(sin((x)+(x))),4.0e-2,6.87068854035228,23.95180950735283,4.0058823529411764,4.0,4.000000000000001e-2,4.81482486096809e-35
2935,200,22,(cos(x))+(sin((x)+(x))),4.0e-2,4.749548020309205,15.03560949047437,3.949438202247191,4.0,4.000000000000001e-2,4.81482486096809e-35
2936,200,22,(cos(x))+(sin((x)+(x))),4.0e-2,6.805274402281154,20.18541162615972,3.859550561797753,4.0,4.000000000000001e-2,4.81482486096809e-35
2937,200,35,(cos(x))+(sin((x)+(x))),4.0e-2,4.085272381172459,16.644796970264164,4.03030303030303,4.0,4.000000000000001e-2,4.81482486096809e-35
2938,200,35,(cos(x))+(sin((x)+(x))),4.0e-2,4.142248041515005,16.691621177665034,3.963636363636364,4.0,4.000000000000001e-2,4.81482486096809e-35
2939,200,31,(cos(x))+(sin((x)+(x))),4.0e-2,5.426533987551113,19.336693407045324,3.9881656804733727,4.0,4.000000000000001e-2,4.81482486096809e-35
2940,200,23,(cos(x))+(sin((x)+(x))),4.0e-2,25.934966623890407,263.7180519533261,3.9604519774011298,4.0,4.000000000000001e-2,4.81482486096809e-35
2941,200,24,(cos(x))+(sin((x)+(x))),4.0e-2,5.679568395108155,16.727806946857623,3.875,4.0,4.000000000000001e-2,4.81482486096809e-35
2942,200,28,(cos(x))+(sin((x)+(x))),4.0e-2,4.660774109481637,13.436570044524522,3.9302325581395348,4.0,4.000000000000001e-2,4.81482486096809e-35
2943,200,22,(cos(-(x)))+(sin((x)+(x))),4.0e-2,9.738679411820042,31.80014200128211,3.893258426966292,4.0,4.000000000000001e-2,4.81482486096809e-35
2944,200,27,(cos(x))+(sin((x)+(x))),4.0e-2,6.823767679572155,19.82584642604086,3.8497109826589595,4.0,4.000000000000001e-2,4.81482486096809e-35
2945,200,31,(cos(-(x)))+(sin((x)+(x))),4.0e-2,4.927279291426058,14.195654283123098,3.9763313609467454,4.0,4.000000000000001e-2,4.81482486096809e-35
2946,200,25,(cos(x))+(sin((x)+(x))),4.0e-2,5.853866431543407,18.220828459515058,3.8514285714285714,4.0,4.000000000000001e-2,4.81482486096809e-35
2947,200,29,(cos(x))+(sin((x)+(x))),4.0e-2,3.8969447193873545,12.774427997501022,3.935672514619883,4.0,4.000000000000001e-2,4.81482486096809e-35
2948,200,23,(cos(-(x)))+(sin((x)+(x))),4.0e-2,6.137939356970601,19.23512862203645,3.9491525423728815,4.0,4.000000000000001e-2,4.81482486096809e-35
2949,200,13,(cos(x))+(sin((x)+(x))),4.0e-2,9.600683000767308,26.767606473989865,3.871657754010695,4.0,4.000000000000001e-2,4.81482486096809e-35
2950,200,26,(cos(x))+(sin((x)+(x))),4.0e-2,3029.7937294446097,39783.677629098725,3.9080459770114944,4.0,4.000000000000001e-2,4.81482486096809e-35
2951,200,29,(cos(x))+(sin((x)+(x))),4.0e-2,5.990951065789026,19.635502690627604,3.9473684210526314,4.0,4.000000000000001e-2,4.81482486096809e-35
2952,200,29,(cos(x))+(sin((x)+(x))),4.0e-2,4.075795628056267,12.576239047368299,3.8771929824561404,4.0,4.000000000000001e-2,4.81482486096809e-35
2953,200,25,(cos(x))+(sin((x)+(x))),4.0e-2,6.939041997352767,21.30279530089434,3.8057142857142856,4.0,4.000000000000001e-2,4.81482486096809e-35
2954,200,21,(cos(x))+(sin((x)+(x))),4.0e-2,10.39450895536713,32.54431608325951,3.9553072625698324,4.0,4.000000000000001e-2,4.81482486096809e-35
2955,200,22,(cos(-(x)))+(sin((x)+(x))),4.0e-2,9.61293930067069,32.302120780836326,3.9101123595505616,4.0,4.000000000000001e-2,4.81482486096809e-35
2956,200,25,(cos(x))+(sin((x)+(x))),4.0e-2,7.5144428090140485,34.806913408283705,4.022857142857143,4.0,4.000000000000001e-2,4.81482486096809e-35
2957,200,28,(cos(x))+(sin((x)+(x))),4.0e-2,4.7893288295849965,17.865218511332113,4.011627906976744,4.0,4.000000000000001e-2,4.81482486096809e-35
2958,200,22,(cos(x))+(sin((x)+(x))),4.0e-2,5.289039262067366,14.63668264377351,3.898876404494382,4.0,4.000000000000001e-2,4.81482486096809e-35
2959,200,32,(cos(x))+(sin((x)+(x))),4.0e-2,5.199647720802464,17.332396657088555,3.875,4.0,4.000000000000001e-2,4.81482486096809e-35
2960,200,28,(cos(x))+(sin((x)+(x))),4.0e-2,6.8466593980126325,23.68044744295991,3.9011627906976742,4.0,4.000000000000001e-2,4.81482486096809e-35
2961,200,29,(cos(x))+(sin((x)+(x))),4.0e-2,4.399939113696308,16.829650389102763,4.046783625730995,4.0,4.000000000000001e-2,4.81482486096809e-35
2962,200,27,(cos(-(x)))+(sin((x)+(x))),4.0e-2,6.184462132093257,21.857261650257907,4.005780346820809,4.0,4.000000000000001e-2,4.81482486096809e-35
2963,200,26,(cos(x))+(sin((x)+(x))),4.0e-2,7.012966944104477,22.816830844768578,3.9195402298850577,4.0,4.000000000000001e-2,4.81482486096809e-35
2964,200,28,(cos(x))+(sin((x)+(x))),4.0e-2,6.343529554955114,23.752052229313346,3.8255813953488373,4.0,4.000000000000001e-2,4.81482486096809e-35
2965,200,24,(cos(x))+(sin((x)+(x))),4.0e-2,7.363676401272425,28.185888470671394,3.897727272727273,4.0,4.000000000000001e-2,4.81482486096809e-35
2966,200,30,(cos(-(x)))+(sin((x)+(x))),4.0e-2,5.986864753364115,21.499236580612436,3.947058823529412,4.0,4.000000000000001e-2,4.81482486096809e-35
2967,200,27,(cos(x))+(sin((x)+(x))),4.0e-2,4.204549553204877,13.150794121678555,3.8959537572254335,4.0,4.000000000000001e-2,4.81482486096809e-35
2968,200,29,(cos(x))+(sin((x)+(x))),4.0e-2,8.061945128530684,29.5688746818614,3.9005847953216373,4.0,4.000000000000001e-2,4.81482486096809e-35
2969,200,24,(cos(x))+(sin((x)+(x))),4.0e-2,7.786450253962596,26.97936006530395,3.9431818181818183,4.0,4.000000000000001e-2,4.81482486096809e-35
2970,200,28,(cos(x))+(sin((x)+(x))),4.0e-2,6.650295204996582,19.876037294172928,3.941860465116279,4.0,4.000000000000001e-2,4.81482486096809e-35
2971,200,24,(cos(-(x)))+(sin((x)+(x))),4.0e-2,6.5169208350715415,16.864094684012017,3.909090909090909,4.0,4.000000000000001e-2,4.81482486096809e-35
2972,200,28,(cos(x))+(sin((x)+(x))),4.0e-2,22.831086902448686,232.3056759111579,3.994186046511628,4.0,4.000000000000001e-2,4.81482486096809e-35
2973,200,26,(cos(x))+(sin((x)+(x))),4.0e-2,9.30230069480015,35.65048925466521,3.9482758620689653,4.0,4.000000000000001e-2,4.81482486096809e-35
2974,200,27,(cos(-(x)))+(sin((x)+(x))),4.0e-2,5.118977476102265,14.53609185395,3.901734104046243,4.0,4.000000000000001e-2,4.81482486096809e-35
2975,200,21,(cos(x))+(sin((x)+(x))),4.0e-2,6.949311373150856,21.661659245589192,3.977653631284916,4.0,4.000000000000001e-2,4.81482486096809e-35
2976,200,25,(cos(-(x)))+(sin((x)+(x))),4.0e-2,5.5153509562133864,18.90932861743863,3.92,4.0,4.000000000000001e-2,4.81482486096809e-35
2977,200,33,(cos(x))+(sin((x)+(x))),4.0e-2,3.1235160295747,9.95143576647875,3.9760479041916166,4.0,4.000000000000001e-2,4.81482486096809e-35
2978,200,31,(cos(x))+(sin((x)+(x))),4.0e-2,3.9629548532331604,12.692640444853945,3.9585798816568047,4.0,4.000000000000001e-2,4.81482486096809e-35
2979,200,30,(cos(x))+(sin((x)+(x))),4.0e-2,5.02968848153643,15.984144188934819,4.011764705882353,4.0,4.000000000000001e-2,4.81482486096809e-35
2980,200,27,(cos(x))+(sin((x)+(x))),4.0e-2,6.538005304391599,19.805432495522634,3.901734104046243,4.0,4.000000000000001e-2,4.81482486096809e-35
2981,200,24,(cos(x))+(sin((x)+(x))),4.0e-2,8.86955179196257,28.618325747810157,3.971590909090909,4.0,4.000000000000001e-2,4.81482486096809e-35
2982,200,31,(cos(x))+(sin((x)+(x))),4.0e-2,8.047809955168844,26.258236238681967,3.828402366863905,4.0,4.000000000000001e-2,4.81482486096809e-35
2983,200,29,(cos(x))+(sin((x)+(x))),4.0e-2,5.310464289929266,18.453810659286766,3.865497076023392,4.0,4.000000000000001e-2,4.81482486096809e-35
2984,200,23,(cos(x))+(sin((x)+(x))),4.0e-2,6.544476423925223,19.304356305803886,3.943502824858757,4.0,4.000000000000001e-2,4.81482486096809e-35
2985,200,27,(cos(x))+(sin((x)+(x))),4.0e-2,5.003171715874499,17.540699492051697,3.9421965317919074,4.0,4.000000000000001e-2,4.81482486096809e-35
2986,200,34,(cos(-(x)))+(sin((x)+(x))),4.0e-2,4.097948242878424,12.744492733055733,4.006024096385542,4.0,4.000000000000001e-2,4.81482486096809e-35
2987,200,30,(cos(x))+(sin((x)+(x))),4.0e-2,5.264276522484553,17.42757943123515,4.011764705882353,4.0,4.000000000000001e-2,4.81482486096809e-35
2988,200,26,(cos(x))+(sin((x)+(x))),4.0e-2,7.5864578582931275,28.033104198600185,3.9597701149425286,4.0,4.000000000000001e-2,4.81482486096809e-35
2989,200,29,(cos(-(x)))+(sin((x)+(x))),4.0e-2,3.553989141686357,11.57332268576349,4.116959064327485,4.0,4.000000000000001e-2,4.81482486096809e-35
2990,200,24,(cos(x))+(sin((x)+(x))),4.0e-2,7.382636516298391,27.438591848848368,3.9375,4.0,4.000000000000001e-2,4.81482486096809e-35
2991,200,22,(cos(x))+(sin((x)+(x))),4.0e-2,1107.7181584190441,14651.853546210084,4.00561797752809,4.0,4.000000000000001e-2,4.81482486096809e-35
2992,200,25,(cos(-(x)))+(sin((x)+(x))),4.0e-2,10.427572082210657,44.90772491035611,3.8857142857142857,4.0,4.000000000000001e-2,4.81482486096809e-35
2993,200,30,(cos(-(x)))+(sin((x)+(x))),4.0e-2,7.327387663523965,25.009787445337352,3.9411764705882355,4.0,4.000000000000001e-2,4.81482486096809e-35
2994,200,27,(cos(-(x)))+(sin((x)+(x))),4.0e-2,8.867280500118728,29.900713629296206,3.959537572254335,4.0,4.000000000000001e-2,4.81482486096809e-35
2995,200,28,(cos(x))+(sin((x)+(x))),4.0e-2,5.154112620387272,19.195149324873874,3.941860465116279,4.0,4.000000000000001e-2,4.81482486096809e-35
2996,200,26,(cos(-(x)))+(sin((x)+(x))),4.0e-2,6.717120300883533,20.44526323258786,4.074712643678161,4.0,4.000000000000001e-2,4.81482486096809e-35
2997,200,27,(cos(x))+(sin((x)+(x))),4.0e-2,9.344437586398238,49.96411245021883,3.9190751445086707,4.0,4.000000000000001e-2,4.81482486096809e-35
2998,200,28,(cos(x))+(sin((x)+(x))),4.0e-2,4.132129897637027,17.197725945941933,3.9767441860465116,4.0,4.000000000000001e-2,4.81482486096809e-35
2999,200,29,(cos(-(x)))+(sin((x)+(x))),4.0e-2,21.801478701658766,233.29411702909246,4.0,4.0,4.000000000000001e-2,4.81482486096809e-35
3000,200,27,(cos(x))+(sin((x)+(x))),4.0e-2,5.896932126439505,18.65695148779002,3.9710982658959537,4.0,4.000000000000001e-2,4.81482486096809e-35
